TRIM13 26 0.0595028395547 0.00691368705254
CRKL 25 0.239000544281 0.00508560497771
RB1 26 -0.0816726088785 -0.00202442067769
ISL2 26 0.0047329943727 0.000288343610203
MTF2 23 0.490736208914 0.0243556428638
C19orf6 25 0.250502003813 0.0153612374172
HIPK2 26 -0.177196716676 -0.00483292675471
AKT2 19 -0.0572621143137 -0.00144124008212
ZNF79 25 -0.256691245215 -0.0487255411418
ZFAND3 25 -0.371744247673 -0.00332635633406
CCT4 26 -0.411985718462 -0.00909411860031
SEMA4A 26 0.00393643606355 0.00125766464004
ZNF77 26 -0.0540225003458 -0.000613947954331
ETS2 26 -0.142585255102 -0.00309927110595
TP53 23 -0.207094926571 -0.0191502462887
NFE2L3 26 -0.0362622024411 -0.00414618891264
ZNF701 26 0.221449431958 0.031087348178
ZNF238 26 0.11700945302 0.00150145930777
ZFP1 26 0.0963060240619 0.00265965394225
CBFA2T3 25 -0.0901376779623 -0.00136185686076
ZNF266 26 -0.0158127415754 -0.00310601218921
ZNF267 26 -0.0885606399985 -0.000204037923538
CNPY3 26 0.213727156262 0.0042499416761
ZNF575 26 0.180991671463 0.0181451223979
ZNF785 22 -0.00660624137453 -3.60875243356e-05
KDM2A 26 0.10824755914 5.26729452678e-05
KLF3 25 0.0268102726993 0.00148661050207
MYC 26 0.000348557934159 7.00501915641e-06
KDM2B 25 -0.0392313478297 -0.00223878253488
ZSCAN21 26 0.0837785934698 0.00333787186538
ERBB2 24 -0.250516806131 -0.000663063388159
ERBB3 26 0.0725312859649 0.00476138767465
ZNF688 26 0.150866129307 0.00119820203304
ZMYM6 26 -0.0404314929699 -0.000225722089109
ZNF419 23 0.272520372904 0.00701504751617
ZNF200 26 -0.0347746920701 -0.00390201020107
ZNF682 25 0.368249202975 0.0101005733183
SP1 26 0.228008308831 0.00481473408539
CREB5 26 0.013648730985 0.000633228459822
ZNF551 25 0.17614363302 0.00172471704639
CREB1 21 0.0393820040605 0.000813055413541
BAZ1A 26 -0.0523912771442 -0.0013998858613
RRN3 19 0.233790991153 0.00766309837246
NR2C1 22 -0.427856767755 -0.00555521772709
IGHMBP2 26 -0.0817432633686 -0.0140107221397
ZNF12 26 -0.0156437429103 -0.000200379971811
TFB1M 26 0.25715701633 0.0144397066436
ZNF527 25 0.322352232968 0.00287659026472
SETD2 25 -0.126910400525 -0.00288183516132
SETD4 26 -0.205740069423 -0.0309719030566
POU2AF1 26 -0.219969620803 -0.000936522496784
PCGF3 26 0.0196528257027 0.00122504395633
ZNF132 26 -0.0187839331536 -0.00524808553313
AKT1 21 -0.27160304564 -0.0163102155846
CCND1 21 0.418041627439 0.0243463724437
LIMA1 26 -0.178987667532 -0.0202466304247
CCND3 19 0.0630357821372 0.00123413005561
GTF2F2 26 -0.273867134971 -0.00232094109056
ZNF845 26 -0.311975618113 -0.00864617981061
GSK3B 21 0.120790805586 0.00616216671838
RUNX2 26 -0.048042221641 -0.00216693053442
ZNF174 26 -0.142930379772 -0.00946480864825
ZKSCAN3 25 0.178291272575 0.00541602286513
RUNX1 25 -0.226923518366 -0.000709970487409
ZNF276 26 -0.278016254624 -0.0121884198117
TIAL1 25 0.212095801884 0.000508160082686
WHSC1 26 0.13619286325 0.00108693940285
ZBTB22 26 0.289504151489 0.00836504205444
ACTB 26 0.25719824089 0.00309928884512
ZNF775 26 -0.0448272335299 -0.00233884534706
VPS72 26 -0.156191449014 -0.000554133767216
MAZ 26 0.281322111312 0.00123043811036
TAF15 26 0.124046405212 0.00134357384067
COPS2 25 0.216062465777 0.000254894633098
NFKBIA 21 0.139561125522 0.00594413130325
ZNF219 25 0.0304199898146 0.00225744417443
GAPDH 21 0.130793090244 0.012235379265
GAB1 26 0.322282799942 0.00278533863084
CIAO1 23 -0.244749561388 -0.0418645123547
ARFGAP2 26 0.0860553615445 0.00114636865973
RBAK 26 0.0441963649478 0.00303084501849
ZBTB6 19 -0.150561974561 -0.00444057946601
TANK 20 -0.043727079598 -0.000611685367993
CHD1L 26 -0.206340090769 -0.0349783454716
C16orf80 25 nan 0.0
SOX13 26 -0.262223825227 -0.0120246493634
AFF3 26 0.372371515876 0.0207654539856
AFF1 26 0.133246674484 0.000390542084641
LSR 11 -0.243072913085 -0.0705046136277
ZNF768 26 -0.127472208376 -0.00248833613656
PIK3R1 25 -0.186734580495 -0.0092258900739
FOXJ1 26 0.0397570118446 0.000569472491908
FOXJ2 26 0.204067429082 0.00506445558689
ZFP28 26 0.276053888523 0.0515171526066
ZNF778 26 -0.0613995906693 -0.00159789755472
MIER3 26 -0.262326561116 -0.00313491494358
HOXB7 25 0.105520990827 0.00158736626839
ZFP161 26 -0.00560417413216 -0.000405175873008
ZNF580 26 -0.0553700028103 -0.000959230988829
PAX6 24 -0.0553486533381 -0.00474370970204
MANSC1 25 -0.0202550530735 -0.000887500073069
RHOC 24 -0.175951239609 -0.00936303792008
RHOA 21 0.00897278900883 7.27928483894e-05
APTX 23 0.36862695652 0.0506683400642
PAX8 25 0.231313463255 0.0248859707916
ZNF613 23 0.0553466872733 0.000234268698028
ZNF683 26 0.4228134426 0.0289762370896
ESR2 25 -0.526161909822 -0.020677192041
ETV4 25 -0.308683132837 -0.00214725596191
IRF5 26 -0.180678684441 -0.0159260098251
HLX 26 -0.0856051581595 -0.00132410691588
ZNF619 26 0.0830681639164 0.00563261981844
LRRC14 26 -0.436726982287 -0.0143830960465
ZNF426 25 0.199765968475 0.00151596135283
ZNF573 25 0.209370530384 0.00559734065238
EIF4EBP1 26 0.0300549491984 0.000514113143974
PRDM2 25 -0.0233758749756 -0.00035462897658
ZSCAN16 26 -0.115640827367 -0.00204690772767
ATXN2 26 -0.276866575868 -0.00767093257166
BTBD3 26 0.285515816911 0.00969614892643
ZNF239 26 -0.0531368247009 -0.0055561391461
SPHK2 22 0.0687131281357 0.0020209421379
ZNF491 26 0.173529414426 0.0156549248354
RPS6 26 -0.327940395986 -0.00547640581589
RCOR1 26 -0.00946219674553 -0.000740002183432
PTK2 26 -0.216162137292 -0.0113411068735
REL 21 -0.239617517204 -0.00806548706793
IKZF5 20 -0.32388102321 -0.0144193505439
IKZF4 26 -0.091906388682 -0.00180728537445
TRIM56 25 -0.0902674482768 -0.00239876934381
RAF1 26 -0.132158961685 -0.00386927402069
IKZF3 26 -0.039082945081 -0.00232091816466
STAT3 26 -0.154324183334 -0.00143055771873
HIC1 22 0.105773279554 0.0041559836331
STAT1 21 -0.495307288745 -0.00290312104255
NR2F6 26 0.0885435295023 0.00670651702606
RPS6KB1 26 0.119133571859 0.00279559688108
ZNF691 26 0.085577957863 0.000995295985337
MAPK1 21 -0.129190178663 -0.0010694388277
SAP30BP 26 -0.288115765254 -0.00129220427182
ZNF433 26 -0.285512658934 -0.00113902955603
ELL2 25 -0.0671549865876 -0.000772497418184
DIDO1 26 -0.218314073021 -0.0134380715509
BTF3 26 -0.123905360316 -0.000461592266894
SRC 26 -0.0228238736792 -0.000223896972074
KLHL12 26 -0.0817611490431 -0.00434460945081
CECR6 26 -0.210506831027 -0.0564900401064
FOXD2 21 0.0649277142048 0.000121245681391
TBX19 26 -0.154131245499 -0.0104089456184
COL5A2 26 0.0190611736348 0.00352669452808
ENO1 26 -0.0576075611382 -0.000506029413317
MTOR 21 0.248782038383 0.0144097777445
ZNF579 25 -0.00530268008992 -0.000579803766546
NFKB1 22 -0.0961493939499 -0.00594255120078
PSIP1 26 -0.400869529687 -0.0113609180215
SYNE2 23 0.247044382821 0.011987475932
EP300 26 -0.216334221335 -0.000947333919191
RELA 21 -0.286868309733 -0.00134784715045
UHRF2 26 0.15837006489 0.000356561968431
TARDBP 25 -0.0546510804659 -0.000178988200584
CTNNB1 23 -0.0644696725733 -0.00453949050678
MYB 25 -0.0724773465046 -0.0013953120752
ZNF497 26 -0.411300011967 -0.0132539241206
SGK1 26 0.0110186669008 0.000562887098186
ZNF529 26 0.00244375909474 3.23514940754e-05
ESR1 26 0.166945334913 0.0190946359282
IRS1 26 0.0532516755084 0.00510720842128
PREB 24 0.171911154621 0.00645338884117
KEAP1 26 -0.102082514923 -0.00257179466252
CDK2 20 0.197482920272 0.00129441058413
AATF 26 -0.0590846497446 -0.000556836858459
HOXA2 26 -0.130324141217 -0.0130754172469
GATAD2B 19 0.119927961912 0.00169091741198
TUB 26 -0.00703536813312 -9.25268396564e-05
HIVEP1 25 -0.137884111622 -0.00128883402629
CDKN2B 21 -0.132881564741 -0.0119678870295
NCKAP1L 26 0.199921204147 0.0060622626406
PHF11 26 -0.271582755021 -0.0210370417943
ZNF558 26 0.0488678383616 0.00135102942504
ZNF318 25 0.290461688629 0.0028930452426
ZNF319 26 -0.0775229926903 -0.00250619793422
ZNF253 26 -0.409256269286 -0.04500698387
ERCC3 26 0.330972314786 0.0444936681568
FOXO3 26 0.445589319539 0.012990575135
PLCG2 26 0.0656363030933 0.00285093883485
MAP2K1 26 -0.095300216476 -0.00709086246278
CORO1A 26 -0.102892720846 -0.0043725289198
GTF2A1 25 -0.0318027282611 -0.00081412033514
GTF2A2 26 -0.233583268449 -0.0213275763831
ELF1 26 0.143343855446 0.00278875638211
ZMYND8 26 nan 0.0
ZNF16 20 -0.222788046946 -0.00744141348421
ELF2 25 0.0695776911806 0.000416018024201
SOX4 26 0.144756594983 0.00090970538844
ZNF498 25 0.0261815529603 0.00166944862705
ZFP36L1 21 -0.0206449395309 -0.00143045694816
SIM2 26 -0.239054616436 -0.0103340621784
ZNF17 26 -0.0568472696038 -0.00182361502085
GFI1B 25 0.309343790024 0.00262090444876
BLZF1 25 -0.0129950734965 -0.000373412105641
NPAS1 26 0.208689053684 0.00217590582233
EOMES 23 -0.235930847232 -0.00477526540977
GZF1 26 0.298668566661 0.0123903817784
ZAP70 21 -0.319840207608 -0.0161855269938
MED16 26 -0.0526329505206 -0.00246258147632
MED17 24 -0.514630691963 -0.0605055437778
NACC2 26 -0.202789918301 -0.0209841120412
ZNF415 20 -0.170334642121 -0.0433893419986
ZSCAN2 25 0.22372911108 0.00659403426792
TRIM26 26 0.193153557246 0.00466265915618
MTA2 25 -0.0292062286028 -0.00019099993432
MPND 18 0.052972226524 0.0102454052652
USE1 21 0.185464918034 0.0101128064923
ZNF7 26 -0.397309595323 -0.000562316618968
RUFY3 24 0.384109773519 0.0132031498476
PRKCB 26 0.156064930005 0.0351263603016
TFCP2L1 16 0.404929042809 0.0600988917897
FBN1 26 0.0507483841164 0.00152426509096
E4F1 26 0.24117720393 0.0037490875378
ATG4B 26 -0.233386679172 -0.00865625051499
PRKCZ 26 0.274779506201 0.0104769791639
PBX2 25 -0.231615908448 -0.00994099459919
FOXN2 26 -0.0847648602945 -0.00274919515242
NFIC 20 0.126875161835 0.00482477655921
ARID3B 26 0.0559450337848 0.00365828215253
AIRE 19 -0.0710950256283 -0.000533310877083
ZNF154 25 0.293648417307 0.0198682448175
BNC2 26 0.0721003401175 0.00301019855045
IRF4 26 -0.154610321004 -0.000704648952094
PDK1 26 -0.0408647341717 -0.00527660774057
PURA 26 0.349353571602 0.0041063475534
WDR60 26 -0.292619535921 -0.0414709892398
MBD1 25 0.134396376538 0.000823479880156
EGR3 26 0.345744641969 0.00107887582487
ATF5 23 -0.30312508675 -0.00533009691295
ABCC5 26 -0.215244730435 -0.0365128934165
NFIX 25 0.0652493100184 0.00326246403102
TRIM34 26 -0.135155070036 -0.00018854433566
MRPS15 25 -0.248969194241 -0.00186249748878
SP100 26 0.158114693876 0.00217264970606
