TRIM13-51_TRIM13.50kDa 26 -0.0613962647235 -0.0110065912728
TRIM13-50_TRIM13.25kDa 26 0.166412868528 0.0248339653779
CRKL-213_CRKL 25 0.239000544281 0.00508560497771
RB1-315_RB1 25 0.207312959035 0.00138700604321
RB1-226_p-Rb.(S807,811) 26 -0.0280688650957 -0.00114356922049
ISL2-278_ISL2 26 0.0047329943727 0.000288343610203
MTF2-95_MTF2 23 0.490736208914 0.0243556428638
C19orf6-163_C19orf6 25 0.250502003813 0.0153612374172
HIPK2-353_HIPK2 26 0.170809804795 0.00156326339059
HIPK2-40_HIPK2 26 -0.214955231713 -0.0112291169
AKT2-384_Akt2 19 -0.0572621143137 -0.00144124008212
ZNF79-108_ZNF79 25 -0.256691245215 -0.0487255411418
ZFAND3-376_ZFAND3 25 -0.371744247673 -0.00332635633406
CCT4-271_CCT4 26 -0.411985718462 -0.00909411860031
SEMA4A-172_SEMA4A 26 0.00393643606355 0.00125766464004
ZNF77-267_ZNF77 26 -0.0540225003458 -0.000613947954331
ETS2-328_ETS2 26 -0.142585255102 -0.00309927110595
TP53-209_p53 23 -0.207094926571 -0.0191502462887
NFE2L3-419_NFE2L3 26 -0.0362622024411 -0.00414618891264
ZNF701-433_ZNF701 26 0.221449431958 0.031087348178
ZNF238-154_ZNF238 26 0.11700945302 0.00150145930777
ZFP1-292_ZFP1 26 0.0963060240619 0.00265965394225
CBFA2T3-299_CBFA2T3 25 -0.0901376779623 -0.00136185686076
ZNF266-13_ZNF266.75-100 26 0.221336917013 0.0451524042631
ZNF266-12_ZNF266.50-75 26 -0.217453066656 -0.0513644286415
ZNF267-261_ZNF267 26 -0.0885606399985 -0.000204037923538
CNPY3-35_TNRC5 26 0.213727156262 0.0042499416761
ZNF575-264_ZNF575 26 0.180991671463 0.0181451223979
ZNF785-129_ZNF785.75kDa 18 0.0223747231529 0.000121325209152
ZNF785-128_ZNF785.50kDa 14 0.0197889221268 0.000101125009862
KDM2A-356_FBXL11 26 0.10824755914 5.26729452678e-05
KLF3-9_KLF3 25 0.0268102726993 0.00148661050207
MYC-195_c-Myc 26 0.000348557934159 7.00501915641e-06
KDM2B-42_FBXL10 25 -0.0392313478297 -0.00223878253488
ZSCAN21-181_ZSCAN21.10kDa 26 0.089712541052 0.00445480852553
ZSCAN21-182_ZSCAN21.60kDa 26 0.0470750726861 0.00222093520522
ERBB2-218_ERBB2 24 -0.250516806131 -0.000663063388159
ERBB3-164_ErbB3(1B2) 26 0.0725312859649 0.00476138767465
ZNF688-380_ZNF688 25 0.103803749234 0.00106302511845
ZNF688-438_ZNF688 26 0.184077924321 0.00101780454952
ZMYM6-55_ZMYM6 26 -0.0957200040177 -0.000490779758675
ZMYM6-124_ZMYM6 25 0.0800158016213 0.000705986845773
ZNF419-322_ZNF419 23 0.272520372904 0.00701504751617
ZNF200-33_ZNF200 26 -0.0347746920701 -0.00390201020107
ZNF682-265_ZNF682 25 0.368249202975 0.0101005733183
SP1-240_SP1 26 0.228008308831 0.00481473408539
CREB5-435_CREB5 26 0.013648730985 0.000633228459822
ZNF551-379_ZNF551 25 0.17614363302 0.00172471704639
CREB1-390_CREB 21 0.0393820040605 0.000813055413541
BAZ1A-64_BAZ1A.170kDa 24 -0.0935310983523 -0.00321889177723
BAZ1A-65_BAZ1A.40kDa 26 -0.065516097415 -0.0025401733003
RRN3-101_RRN3 19 0.233790991153 0.00766309837246
NR2C1-99_NR2C1 22 -0.427856767755 -0.00555521772709
IGHMBP2-166_IGHMBP2 26 -0.0493133470152 -0.00850138208267
IGHMBP2-73_IGHMBP2 19 -0.106682650095 -0.0282888490106
ZNF12-260_ZNF12 26 -0.0156437429103 -0.000200379971811
TFB1M-255_TFB1M 26 0.25715701633 0.0144397066436
ZNF527-378_ZNF527 25 0.322352232968 0.00287659026472
SETD2-427_SETD2 25 -0.126910400525 -0.00288183516132
SETD4-341_SETD4 26 -0.205740069423 -0.0309719030566
POU2AF1-285_POU2AF1 26 -0.219969620803 -0.000936522496784
PCGF3-284_PCGF3 26 0.0196528257027 0.00122504395633
ZNF132-79_ZNF132 26 -0.0187839331536 -0.00524808553313
AKT1-383_Akt1 21 -0.27160304564 -0.0163102155846
CCND1-386_Cyclin.D1 21 0.418041627439 0.0243463724437
LIMA1-43_LIMA1 23 -0.237961042681 -0.0335467311776
LIMA1-116_LIMA1 24 -0.0989533725263 -0.0138266789808
CCND3-387_Cyclin.D3 19 0.0630357821372 0.00123413005561
GTF2F2-275_GTF2F2 26 -0.273867134971 -0.00232094109056
ZNF845-156_LOC91664.100kDa 26 -0.25775619163 -0.00991054208605
ZNF845-157_LOC91664.60kDa 26 -0.177777542349 -0.00738181753516
GSK3B-394_GSK3beta 21 0.120790805586 0.00616216671838
RUNX2-103_RUNX2 26 -0.048042221641 -0.00216693053442
ZNF174-151_ZNF174 26 -0.142930379772 -0.00946480864825
ZKSCAN3-319_ZNF306 25 0.178291272575 0.00541602286513
RUNX1-316_RUNX1 25 -0.226923518366 -0.000709970487409
ZNF276-348_ZNF276 26 -0.278016254624 -0.0121884198117
TIAL1-373_TIAL1 25 0.212095801884 0.000508160082686
WHSC1-54_WHSC1 26 0.13619286325 0.00108693940285
ZBTB22-359_ZBTB22 26 0.289504151489 0.00836504205444
ACTB-382_ACTB 21 0.00692077741198 0.00012280557784
ACTB-235_BACT 26 0.376074544518 0.00322064574787
ACTB-1_BACT 26 0.314701800812 0.00632756802002
ZNF775-434_ZNF775 26 -0.0448272335299 -0.00233884534706
VPS72-53_VPS72 26 -0.156191449014 -0.000554133767216
MAZ-418_MAZ 26 0.281322111312 0.00123043811036
TAF15-78_TAF15 26 0.124046405212 0.00134357384067
COPS2-300_COPS2 25 0.216062465777 0.000254894633098
NFKBIA-399_IkBalpha 21 0.139561125522 0.00594413130325
ZNF219-153_ZNF219 25 0.0304199898146 0.00225744417443
GAPDH-392_GAPDH 21 0.130793090244 0.012235379265
GAB1-184_GAB1.Ab-12.77kDa 12 0.514963401236 0.0243271683494
GAB1-183_GAB1.Ab-12.115kDa 14 -0.0335723291529 -0.00131456490517
GAB1-185_GAB1.Ab-9.115kDa 26 0.139876301929 0.00433689579379
GAB1-192_GAB1[Y423].76kDa 25 0.105294363407 0.00186330517643
GAB1-187_p-GAB1.Y659.Ab-13.115kDa 26 0.190432402567 0.00327328193714
GAB1-190_p-GAB1.Y627.Ab-6.77kDa 26 -0.178577758642 -0.00351654874879
GAB1-188_p-GAB1.Y659.Ab-13.77kDa 26 -0.0616612070014 -0.00109758938247
GAB1-191_GAB1[Y423].115kDa 26 0.326579701531 0.00618663091315
GAB1-189_p-GAB1.Y627.Ab-6.115kDa 26 0.156321170424 0.00328713482394
GAB1-186_GAB1.Ab-9.77kDa 21 0.0185545106571 0.000633651950107
CIAO1-89_CIAO1 23 -0.244749561388 -0.0418645123547
ARFGAP2-242_ZNF289 26 0.0860553615445 0.00114636865973
RBAK-288_RBAK 26 0.0441963649478 0.00303084501849
ZBTB6-149_ZBTB6 19 -0.150561974561 -0.00444057946601
TANK-121_TANK 20 -0.043727079598 -0.000611685367993
CHD1L-66_CHD1L 26 -0.206340090769 -0.0349783454716
C16orf80-364_C16orf80 25 nan 0.0
SOX13-26_SOX13 26 -0.262223825227 -0.0120246493634
AFF3-161_AFF3.50kDa 26 0.39266233902 0.0318596099573
AFF3-160_AFF3.150kDa 26 0.132188653622 0.00967129801403
AFF1-159_AFF1.50kDa 25 0.186797516666 0.000840648320673
AFF1-158_AFF1.150kDa 26 -0.0458306676116 -0.000192809115254
LSR-117_LSR 11 -0.243072913085 -0.0705046136277
ZNF768-296_ZNF768 26 -0.127472208376 -0.00248833613656
PIK3R1-196_PI3K(p85) 25 -0.186734580495 -0.0092258900739
FOXJ1-415_FOXJ1 26 -0.174964808327 -0.00332827194026
FOXJ1-91_FOXJ1 25 0.183032410836 0.00437002863789
FOXJ2-247_FOXJ2 26 0.204067429082 0.00506445558689
ZFP28-150_ZFP28 26 0.276053888523 0.0515171526066
ZNF778-268_ZNF778 26 0.142088060079 0.00147791913308
ZNF778-84_ZNF778 25 -0.0970585161263 -0.00557784702591
ZNF778-180_ZNF778 23 -0.0243998838134 -0.00131996352284
MIER3-45_MIER3 26 -0.262326561116 -0.00313491494358
HOXB7-309_HOXB7 25 0.105520990827 0.00158736626839
ZFP161-31_ZFP161 26 -0.00560417413216 -0.000405175873008
ZNF580-350_ZNF580 26 -0.0553700028103 -0.000959230988829
PAX6-47_PAX6 24 -0.0553486533381 -0.00474370970204
MANSC1-93_MANSC1 25 -0.0202550530735 -0.000887500073069
RHOC-202_RhoC 24 -0.175951239609 -0.00936303792008
RHOA-402_RhoA 21 0.00897278900883 7.27928483894e-05
APTX-62_APTX 23 0.36862695652 0.0506683400642
PAX8-311_PAX8 25 0.231313463255 0.0248859707916
ZNF613-60_ZNF613 23 0.0553466872733 0.000234268698028
ZNF683-83_ZNF683 14 0.40380804203 0.0404626216237
ZNF683-179_ZNF683 25 0.303757770874 0.0203942193493
ESR2-303_ESR2 25 -0.526161909822 -0.020677192041
ETV4-304_ETV4 25 -0.308683132837 -0.00214725596191
IRF5-238_IRF5 26 -0.180678684441 -0.0159260098251
HLX-331_HLX 26 -0.0856051581595 -0.00132410691588
ZNF619-155_ZNF619 26 0.0287856233291 0.00250290853563
ZNF619-178_ZNF619 25 0.0326093244832 0.00287436412865
LRRC14-336_LRRC14 26 -0.436726982287 -0.0143830960465
ZNF426-323_ZNF426 25 0.199765968475 0.00151596135283
ZNF573-176_ZNF573 25 0.209370530384 0.00559734065238
EIF4EBP1-216_p-4E-BP1.(T37/46).10kDa 26 0.00734754751145 0.000124435198608
EIF4EBP1-217_p-4E-BP1.(T37/46).50kDa 20 0.0431846501606 0.00143055565278
EIF4EBP1-391_4E-BP1 21 -0.150807742392 -0.0042074940291
EIF4EBP1-215_p-4E-BP1.(S65) 25 0.204904694936 0.00610907657669
PRDM2-370_PRDM2 25 -0.0233758749756 -0.00035462897658
ZSCAN16-437_ZSCAN16 26 -0.115640827367 -0.00204690772767
ATXN2-63_ATXN2 26 -0.276866575868 -0.00767093257166
BTBD3-132_BTBD3 26 0.285515816911 0.00969614892643
ZNF239-347_ZNF239 26 -0.0531368247009 -0.0055561391461
SPHK2-148_SPHK2 22 0.0687131281357 0.0020209421379
ZNF491-59_ZNF491 26 0.173529414426 0.0156549248354
RPS6-227_p-S6RibProt.(S235/236) 26 -0.279935552381 -0.0047246290909
RPS6-426_p-S6.ribosomal.protein.(S240/244) 26 -0.282877584499 -0.00622818254087
RCOR1-100_RCOR1 26 -0.00946219674553 -0.000740002183432
PTK2-171_FAK 26 -0.216162137292 -0.0113411068735
REL-77_REL 21 -0.239617517204 -0.00806548706793
IKZF5-115_IKZF5 20 -0.32388102321 -0.0144193505439
IKZF4-366_IKZF4 25 0.00451805175833 0.000128427224417
IKZF4-250_IKZF4 26 -0.131908378355 -0.00360467220189
TRIM56-257_TRIM56 25 -0.0902674482768 -0.00239876934381
RAF1-424_p-Raf.(S259) 26 -0.115998749236 -0.00547280814929
RAF1-425_p-Raf.(S338) 26 -0.303253202158 -0.0195710588079
RAF1-201_Raf(c-) 26 0.18751951559 0.0134360448951
IKZF3-41_IKZF3 26 -0.131242721531 -0.0100779429323
IKZF3-114_IKZF3 20 0.281064558576 0.0176615179064
STAT3-234_STAT3B 26 0.0270859640369 0.000224447487975
STAT3-233_STAT3A 26 -0.261619114213 -0.00308556292543
HIC1-39_HIC1 22 0.105773279554 0.0041559836331
STAT1-404_STAT1 21 -0.495307288745 -0.00290312104255
NR2F6-281_NR2F6 26 0.0885435295023 0.00670651702606
RPS6KB1-403_P70.S6.Kinase 21 0.26441678751 0.00771560613195
RPS6KB1-228_p-P70.S6.Kinase.(T421/S424) 26 0.00608018743868 0.000206181069621
ZNF691-266_ZNF691 26 0.085577957863 0.000995295985337
MAPK1-396_Erk(1/2) 21 -0.129190178663 -0.0010694388277
SAP30BP-49_SAP30BP 26 -0.288115765254 -0.00129220427182
ZNF433-432_ZNF433 26 -0.285512658934 -0.00113902955603
ELL2-365_ELL2 25 -0.0671549865876 -0.000772497418184
DIDO1-440_DIDO1 26 -0.118528261965 -0.00452007610013
DIDO1-111_DIDO1 13 -0.359198042763 -0.0564985071498
BTF3-270_BTF3 26 -0.302686234797 -0.000753091354307
BTF3-363_BTF3 25 -0.0156121625237 -9.04658290794e-05
SRC-205_Src.A070 26 0.00823720235098 0.000108481714193
SRC-207_Src.A072 25 -0.125545210013 -0.00274774628937
SRC-204_Src.A069 26 -0.0849210541598 -0.00104262586547
SRC-232_p-Src.(Y527) 26 -0.0535608403611 -0.000860509516003
SRC-206_Src.A071 26 0.172557706252 0.00313849785975
KLHL12-167_KLHL12 26 -0.137157736035 -0.011660717606
KLHL12-143_KLHL12 14 0.043805490743 0.00403273455744
CECR6-17_CECR6 26 -0.210506831027 -0.0564900401064
FOXD2-68_FOXD2 21 0.0649277142048 0.000121245681391
TBX19-241_TBX19 26 -0.0291982295515 -0.0012221213326
TBX19-10_TBX19 26 -0.194326288666 -0.0195957699041
COL5A2-211_Collagen.Type.V.(COL5A2).140kDa 24 0.0530555831153 0.00731804250753
COL5A2-212_Collagen.Type.V.(COL5A2).220kDa 25 0.081236536388 0.0274943821884
ENO1-236_ENO1 26 0.244098464215 0.00234859228479
ENO1-4_ENO1 26 -0.0252859360443 -0.000652727845138
ENO1-273_ENO1 26 -0.290563320497 -0.0032139526796
MTOR-398_mTOR 21 0.248782038383 0.0144097777445
ZNF579-177_ZNF579 25 -0.00530268008992 -0.000579803766546
NFKB1-119_NFKB1.75kDa 19 0.0280419635362 0.00182650658197
NFKB1-118_NFKB1.150kDa 21 -0.115979847719 -0.00794925989274
PSIP1-340_PSIP1 26 -0.400869529687 -0.0113609180215
SYNE2-428_SYNE2 23 0.247044382821 0.011987475932
EP300-244_EP300 26 -0.216334221335 -0.000947333919191
RELA-401_p65 21 -0.286868309733 -0.00134784715045
UHRF2-344_URF2 26 0.146004487623 0.000757655985845
UHRF2-358_UHRF2 26 -0.0246603573754 -4.4532048984e-05
TARDBP-372_TARDBP 25 -0.0546510804659 -0.000178988200584
CTNNB1-36_CTNNB1 23 -0.0644696725733 -0.00453949050678
MYB-96_MYB 25 -0.0724773465046 -0.0013953120752
ZNF497-263_ZNF497 26 -0.411300011967 -0.0132539241206
SGK1-231_SGK 26 -0.0916765466376 -0.0069613251953
SGK1-229_p-SGK.(S422) 26 0.176776385463 0.0151192943472
SGK1-230_p-SGK.(T256) 26 -0.0752510473983 -0.0064693078573
ZNF529-360_ZNF529 26 0.00244375909474 3.23514940754e-05
ESR1-413_ESR1 26 0.166945334913 0.0190946359282
IRS1-416_p-IRS-1.(S612) 26 0.0532516755084 0.00510720842128
PREB-314_PREB 24 0.171911154621 0.00645338884117
KEAP1-335_KEAP1 26 -0.102082514923 -0.00257179466252
CDK2-388_CDK2 20 0.197482920272 0.00129441058413
AATF-439_AATF 26 0.171340089541 0.00222755709923
AATF-297_AATF 25 -0.19126856263 -0.00329045993104
HOXA2-332_HOXA2 26 -0.130324141217 -0.0130754172469
GATAD2B-113_GATAD2B 19 0.119927961912 0.00169091741198
TUB-11_TUBA 21 0.0919406546465 0.0021575354977
TUB-258_TUB 26 -0.0902106478678 -0.0010498462378
HIVEP1-308_HIVEP1 25 -0.137884111622 -0.00128883402629
CDKN2B-389_P15.INK4B 21 -0.132881564741 -0.0119678870295
NCKAP1L-169_NCKAP1L.75kDa 26 0.0197856404491 0.00072643800035
NCKAP1L-168_NCKAP1L.150kDa 25 0.368468928963 0.0134291894655
PHF11-339_NY-REN-34 26 -0.271582755021 -0.0210370417943
ZNF558-349_ZNF558 26 0.0488678383616 0.00135102942504
ZNF318-321_ZNF318 25 0.290461688629 0.0028930452426
ZNF319-262_ZNF319 26 -0.0775229926903 -0.00250619793422
ZNF253-430_ZNF253 25 0.0890677013979 0.00948366406374
ZNF253-80_ZNF253 21 -0.586810854449 -0.117123194192
ERCC3-411_ERCC3 26 0.330972314786 0.0444936681568
FOXO3-7_FOXO3A.50-75 26 0.336950754513 0.0179311736436
FOXO3-237_FOXO3A 26 0.100824191644 0.00186416552321
FOXO3-5_FOXO3A.<25 23 0.316658648052 0.0182205123709
FOXO3-6_FOXO3A.25-50 19 0.546865090254 0.0407928283388
FOXO3-330_FOXO3A 26 -0.11608430317 -0.00325790887372
PLCG2-198_PLCgamma2 26 0.0656363030933 0.00285093883485
MAP2K1-417_p-Mek(1/2).(S217/221) 26 -0.095300216476 -0.00709086246278
CORO1A-110_CORO1A 24 -0.155793684798 -0.012149448761
CORO1A-326_CORO1A 26 0.133013797723 0.00316307689318
GTF2A1-69_GTF2A1 25 -0.0318027282611 -0.00081412033514
GTF2A2-138_GTF2A2.50kDa 26 -0.0738835747088 -0.0089857881738
GTF2A2-139_GTF2A2.75kDa 26 -0.367667110492 -0.0336693645924
ELF1-410_ELF1 26 0.143343855446 0.00278875638211
ZMYND8-32_PRKCBP1 26 nan 0.0
ZNF16-125_ZNF16 20 -0.222788046946 -0.00744141348421
ELF2-302_ELF2 25 0.0695776911806 0.000416018024201
SOX4-253_SOX4 26 0.144756594983 0.00090970538844
ZNF498-175_ZNF498 23 -0.0420349070923 -0.00346898919083
ZNF498-81_ZNF498 21 0.0466391229918 0.00380320721506
ZFP36L1-123_ZFP36L1 21 -0.0206449395309 -0.00143045694816
SIM2-24_SIM2.55kDa 26 -0.160067743085 -0.0128118414472
SIM2-25_SIM2.70kDa 25 -0.161068490797 -0.00867045846605
ZNF17-56_ZNF17 26 -0.0568472696038 -0.00182361502085
GFI1B-307_GFI1B 25 0.309343790024 0.00262090444876
BLZF1-88_BLZF1 25 -0.0129950734965 -0.000373412105641
NPAS1-357_NPAS1 26 0.208689053684 0.00217590582233
EOMES-37_EOMES 23 -0.235930847232 -0.00477526540977
GZF1-92_GZF1 26 0.298668566661 0.0123903817784
ZAP70-406_ZAP70 21 -0.319840207608 -0.0161855269938
MED16-367_MED16 25 0.0574138102168 0.00423923006643
MED16-280_MED16 26 -0.186031144765 -0.0114381671101
MED17-44_CRSP6 24 -0.514630691963 -0.0605055437778
NACC2-97_BTBD14A 26 -0.202789918301 -0.0209841120412
ZNF415-126_ZNF415 20 -0.170334642121 -0.0433893419986
ZSCAN2-381_ZSCAN2 25 0.22372911108 0.00659403426792
TRIM26-290_TRIM26 26 0.0981795816333 0.00175571128236
TRIM26-374_TRIM26 24 0.20683262984 0.00791078036267
MTA2-369_MTA2 25 -0.0292062286028 -0.00019099993432
MPND-145_MPND 18 0.052972226524 0.0102454052652
USE1-52_MDS032 21 0.185464918034 0.0101128064923
ZNF7-295_ZNF7 26 -0.397309595323 -0.000562316618968
RUFY3-102_RUFY3 24 0.384109773519 0.0132031498476
PRKCB-222_p-PKC(pan)betaII(S660).60kDa 24 0.209633851057 0.0706102934816
PRKCB-223_p-PKC(pan)betaII(S660).80kDa 26 0.00174956430313 0.000337574368373
PRKCB-221_p-PKC(pan)betaII(S660).100kDa 26 0.0891881997 0.0299245566553
TFCP2L1-122_TFCP2L1 16 0.404929042809 0.0600988917897
FBN1-352_FBN1 26 0.0507483841164 0.00152426509096
E4F1-134_E4F1 26 0.24117720393 0.0037490875378
ATG4B-87_ATG4B 26 -0.241163794072 -0.0175889325658
ATG4B-362_ATG4B 25 0.0193799125989 0.00046067102504
PRKCZ-423_p-PKCzeta/lambda.(Y410/403) 26 0.224928151971 0.0102900286668
PRKCZ-199_PKCzeta(C24) 26 0.199983234333 0.010663929661
PBX2-312_PBX2 25 -0.231615908448 -0.00994099459919
FOXN2-112_FOXN2 21 -0.109343626647 -0.00667900996417
FOXN2-305_FOXN2 25 -0.0338018888451 -0.000550754254622
NFIC-420_NFIC 20 0.126875161835 0.00482477655921
ARID3B-86_ARID3B 26 0.0559450337848 0.00365828215253
AIRE-298_AIRE 19 -0.0710950256283 -0.000533310877083
ZNF154-174_ZNF154 25 0.293648417307 0.0198682448175
BNC2-16_BNC2.70kDa 25 0.100512615663 0.00709615394942
BNC2-15_BNC2.100-200kDa 26 -0.00737968880824 -0.000374304458152
IRF4-277_IRF4 26 0.0185869699006 0.00011775822377
IRF4-355_IRF4 26 -0.176824248348 -0.00152705612796
PDK1-400_PDK1 21 -0.157166301061 -0.0275986048678
PDK1-422_p-PDK1.(S241) 26 0.114824771944 0.0150888062596
PURA-76_PURA 26 0.349353571602 0.0041063475534
WDR60-173_WDR60 26 -0.292619535921 -0.0414709892398
MBD1-94_MBD1 25 0.134396376538 0.000823479880156
EGR3-351_EGR3 26 0.345744641969 0.00107887582487
ATF5-3_ATF5.50-75 23 -0.150992130214 -0.00421229637495
ATF5-2_ATF5.25-50 21 -0.377179528835 -0.00732990074545
ABCC5-210_MRP5 26 -0.215244730435 -0.0365128934165
NFIX-98_NFIX 25 0.0652493100184 0.00326246403102
TRIM34-343_TRIM34 26 -0.135155070036 -0.00018854433566
MRPS15-368_MRPS15 25 -0.248969194241 -0.00186249748878
SP100-28_SP100.90kDa 23 0.117871975182 0.00213113011317
SP100-27_SP100.50kDa 25 0.236854541566 0.00327153642581
