SCFD1-ENSG00000092108 21 0.227923043972 0.00691119328741
IFT27-ENSG00000100360 1 nan nan
AGK-ENSG00000006530 21 0.298426342484 0.0046587932395
CRKL-ENSG00000099942 20 -0.23465647585 -0.00570192492514
UTP18-ENSG00000011260 18 -0.115635141131 -0.00242851341682
STK10-ENSG00000072786 21 -0.0355789768643 -0.000204377281781
AP1M1-ENSG00000072958 21 0.262485828401 0.00555307970126
AGA-ENSG00000038002 19 0.0473154425316 0.00536815798217
FKBP4-ENSG00000004478 21 0.21792033182 0.00062199563369
FKBP7-ENSG00000079150 2 1.0 0.0292669629182
FKBP3-ENSG00000100442 21 -0.498474688589 -0.000497796636
ANKIB1-ENSG00000001629 1 nan nan
PMM1-ENSG00000100417 1 nan nan
DLG1-ENSG00000075711 6 0.199732478967 0.00447743001012
RALA-ENSG00000006451 21 0.549020745852 0.00304480437206
SDF4-ENSG00000078808 21 0.154959944194 0.00807169477255
HSPA5-ENSG00000044574 21 -0.26612724833 -0.00076953051675
PIK3CB-ENSG00000051382 4 -0.23064040992 -0.00171620592241
FAM114A2-ENSG00000055147 21 -0.165228992754 -0.000657874877496
SPTLC2-ENSG00000100596 20 -0.0313578409551 -0.0013434240764
ZC3H14-ENSG00000100722 21 0.0532910462103 0.000107000244132
SPTLC1-ENSG00000090054 21 0.312101325491 0.00201929524852
METTL13-ENSG00000010165 21 0.178416829305 0.00963285633536
HEBP2-ENSG00000051620 9 0.351244934703 0.0464149782169
KDM2B-ENSG00000089094 0 NA NA
SGSM3-ENSG00000100359 0 NA NA
YAF2-ENSG00000015153 12 -0.21845667377 -0.00770479245838
DHX8-ENSG00000067596 9 -0.293129602371 -0.00617307035333
OSGEP-ENSG00000092094 18 0.0627506621989 0.00356765449166
TCOF1-ENSG00000070814 21 0.312349582549 0.000402079917242
WDR1-ENSG00000071127 21 0.365838484471 0.00335378126651
BCAT1-ENSG00000060982 14 -0.00108046226934 -0.000167792737216
OSBPL8-ENSG00000091039 20 -0.482236840099 -0.0135221340869
MON2-ENSG00000061987 15 0.261418789467 0.0020598540508
SMARCD1-ENSG00000066117 13 0.698947557248 0.00958783850666
GMIP-ENSG00000089639 21 0.0721058356471 0.00121262039169
OSBPL3-ENSG00000070882 21 0.0352990034991 0.00253425055684
PSMA4-ENSG00000041357 21 -0.0821973832309 -0.000625661791688
PIK3C3-ENSG00000078142 18 -0.296030060966 -0.005530876892
ISOC2-ENSG00000063241 19 -0.249224872112 -0.00195299502237
SBF1-ENSG00000100241 11 0.00155224809958 1.24649701863e-05
SNAP23-ENSG00000092531 21 0.174248134156 0.00563760888358
TRIP13-ENSG00000071539 19 0.329732286345 0.000160353447208
GTSE1-ENSG00000075218 5 -0.409183775032 -0.0004029793438
SNAP29-ENSG00000099940 21 -0.0372441637853 -0.00171471472738
BAK1-ENSG00000030110 11 -0.0663271662888 -0.0113592448731
ARHGAP15-ENSG00000075884 21 0.404588118821 0.0152737691754
RHBDD2-ENSG00000005486 9 -0.396182084469 -0.0119542438543
U2AF2-ENSG00000063244 21 -0.0120356090695 -5.11742190245e-05
ARHGAP10-ENSG00000071205 17 -0.1311090319 -0.00304135529429
SLC30A9-ENSG00000014824 18 0.0233668318123 0.00032564468714
YBX1-ENSG00000065978 21 -0.0790763109558 -0.000752438061762
STARD7-ENSG00000084090 11 0.238409741747 0.00272741045511
PHPT1-ENSG00000054148 21 0.34952014651 0.0303337404839
ATP6V1D-ENSG00000100554 19 -0.521373588126 -0.00338808232298
FBXW11-ENSG00000072803 15 0.202838705274 0.000106829144203
ELAVL1-ENSG00000066044 21 0.299390368231 0.000519120460614
TTC19-ENSG00000011295 7 0.466443098715 0.0487110586355
ATP2A3-ENSG00000074370 21 -0.0511227985477 -0.000993350562895
ALDH3A2-ENSG00000072210 20 0.574962709136 0.0537150670638
ATP6V1H-ENSG00000047249 21 -0.18645517019 -0.000763976008588
UBE2D1-ENSG00000072401 4 -0.677892646497 -0.0285311068198
MGST2-ENSG00000085871 3 0.414017879585 0.0553264564423
POLR1A-ENSG00000068654 21 0.0469927297436 0.00113134461905
GTF3C1-ENSG00000077235 21 0.109517953759 0.000136789644034
BAZ2A-ENSG00000076108 17 -0.204273621359 -0.001001335693
HSCB-ENSG00000100209 2 1.0 0.0038211027701
MRPL28-ENSG00000086504 21 0.31698126942 0.00241351372401
AHSA1-ENSG00000100591 21 -0.0153859613879 -5.40019479679e-05
GRAP2-ENSG00000100351 6 0.160690298641 0.00767108186934
TIMM13-ENSG00000099800 21 0.0120685753158 0.00183953077105
MRI1-ENSG00000037757 21 0.0807074099313 0.00143363098267
GTF2I-ENSG00000077809 21 -0.125316198776 -0.000844749588076
HMMR-ENSG00000072571 11 0.354167738121 0.000508179100573
NDUFAB1-ENSG00000004779 21 -0.0572286881209 -0.000319542586065
HEATR5B-ENSG00000008869 19 0.280274765424 0.00580127252518
PHRF1-ENSG00000070047 10 0.0474699474759 0.000335250714578
NCAPD2-ENSG00000010292 21 -0.145961257179 -0.00378286415936
KCNQ1-ENSG00000053918 5 -0.13644621602 -0.000465152882233
C20orf43-ENSG00000022277 20 -0.115739119201 -0.000263096412109
GDI2-ENSG00000057608 21 0.185920150023 0.00495687853464
PGM3-ENSG00000013375 17 0.22981592019 0.00117830294878
ANAPC5-ENSG00000089053 18 -0.342921540433 -0.00465410465187
ANAPC4-ENSG00000053900 18 -0.272231755015 -0.0122660260492
MCCC1-ENSG00000078070 21 0.198043483678 0.00686534658487
NUFIP1-ENSG00000083635 3 -0.994376211178 -0.00184129240764
TFAP4-ENSG00000090447 6 0.554698290152 0.000776380665852
MTFR1-ENSG00000066855 6 0.89704572135 0.00563295363547
ERMP1-ENSG00000099219 5 -0.950201407275 -0.0284660455899
PREP-ENSG00000085377 21 -0.429633050241 -0.00372912886548
C22orf28-ENSG00000100220 21 -0.330643883839 -0.001347036103
PDRG1-ENSG00000088356 4 0.968290843706 0.0166801740592
ITGAL-ENSG00000005844 21 0.187118251041 0.0048903754406
USE1-ENSG00000053501 8 -0.496674560397 -0.00170731269623
C1orf144-ENSG00000055070 21 0.0569431290663 0.000232652049371
TTC38-ENSG00000075234 6 -0.107876108475 -0.0018445022872
ECHDC1-ENSG00000093144 21 0.0938340818198 0.0052687942594
EPDR1-ENSG00000086289 5 -0.690489074564 -0.0624841800199
GANAB-ENSG00000089597 21 0.202544428373 0.000911028506919
SOAT1-ENSG00000057252 21 0.255434362837 0.0162144836979
NUP133-ENSG00000069248 21 -0.117834777355 -0.000867668847775
PAG1-ENSG00000076641 19 -0.341065352818 -0.0148832531383
MKRN2-ENSG00000075975 13 0.361490574598 0.0138274961898
POLB-ENSG00000070501 14 0.0127622838328 5.44355149409e-05
CHDH-ENSG00000016391 14 -0.318390958547 -0.00970032120019
MAP4K5-ENSG00000012983 1 nan nan
TRAM2-ENSG00000065308 1 nan nan
RNASET2-ENSG00000026297 20 0.294350631546 0.0739216878427
RHOA-ENSG00000067560 21 -0.0737686318493 -0.00055109869135
PSMD8-ENSG00000099341 21 0.143863461755 0.000403776867658
CDC34-ENSG00000099804 10 0.220054393988 0.00223668375494
ARF5-ENSG00000004059 21 -0.484471187232 -0.00100411415319
ACAT1-ENSG00000075239 21 0.330828537047 0.0103584154031
TOM1-ENSG00000100284 18 -0.334204671657 -0.034793373727
ZC3H15-ENSG00000065548 21 -0.136322574791 -0.000345086793262
AP3D1-ENSG00000065000 21 0.393249493905 0.00770532180251
YTHDC2-ENSG00000047188 14 -0.507506231263 -0.025106005098
MVP-ENSG00000013364 21 -0.557814605738 -0.00839221121033
RIF1-ENSG00000080345 21 0.321428214868 0.00424000047456
QPCTL-ENSG00000011478 4 0.581769892934 0.012356768487
MCAM-ENSG00000076706 5 0.681660279993 0.0174937482566
C17orf85-ENSG00000074356 19 0.233558712669 0.00265630456049
CPOX-ENSG00000080819 21 0.132703297203 0.000627954315632
SAR1A-ENSG00000079332 21 0.216176704821 0.00191826240865
STARD3NL-ENSG00000010270 19 -0.0801837683311 -0.00298484341138
RIOK2-ENSG00000058729 18 0.337920667934 0.00752065492569
ZNF638-ENSG00000075292 21 0.608715764334 0.00484277055249
ZFYVE26-ENSG00000072121 6 0.0914218664297 0.000237092062404
MICALL1-ENSG00000100139 2 1.0 0.00345860200803
AK2-ENSG00000004455 21 -0.10957331137 -0.00052958034706
GSTZ1-ENSG00000100577 18 0.19614357653 0.0140636592913
SRRT-ENSG00000087087 21 -0.219545819226 -0.000309941581057
CDC45-ENSG00000093009 6 -0.546301659385 -0.00182588491991
SARS-ENSG00000031698 21 0.0105026346461 4.3238762795e-05
CDC42-ENSG00000070831 21 0.181458257643 0.00331810850722
RBM6-ENSG00000004534 18 0.255631484128 0.0136577152536
RBM5-ENSG00000003756 17 -0.248090756685 -0.0034576726962
CTTN-ENSG00000085733 15 0.20000883736 0.00546839374951
IPO11-ENSG00000086200 21 -0.11570577119 -0.00138873051859
ITCH-ENSG00000078747 8 -0.150076155683 -0.00279252080733
PSMD5-ENSG00000095261 21 0.124225208354 0.00255959979355
HMOX1-ENSG00000100292 19 0.074053966132 0.00275095319965
BAX-ENSG00000087088 21 0.240919473909 0.0117028556364
SRBD1-ENSG00000068784 18 0.179640196653 0.0086816046847
SH2D3C-ENSG00000095370 0 NA NA
NDE1-ENSG00000072864 21 0.513695828769 0.0425708560085
VRK1-ENSG00000100749 21 0.0526234912952 0.000265569312607
LARS2-ENSG00000011376 21 0.556975483466 0.0140678342949
CPSF1-ENSG00000071894 21 -0.0439637852138 -0.00487966479474
CAD-ENSG00000084774 21 -0.050340241625 -0.000235323579638
DDX17-ENSG00000100201 21 -0.00495900061387 -8.19694481229e-05
HERPUD1-ENSG00000051108 15 -0.252883343654 -0.0135114917601
RBM27-ENSG00000091009 21 0.483821002015 8.69201959639e-05
MAD1L1-ENSG00000002822 21 -0.0602688683061 -0.00112436806512
CDK13-ENSG00000065883 16 -0.00127019801345 -1.99497812798e-05
DYNC1I2-ENSG00000077380 21 -0.319207858037 -0.000988403862962
NUDC-ENSG00000090273 21 -0.303916407896 -0.000669225487273
DDX18-ENSG00000088205 21 0.131175644738 0.00330602557774
LMCD1-ENSG00000071282 11 0.00844286155503 0.000704932116147
ACAA1-ENSG00000060971 21 0.234913306013 0.00398580256862
ST7-ENSG00000004866 6 0.649249806362 0.00459230248329
CNOT3-ENSG00000088038 21 0.0366846558674 0.000297119051581
PSMC1-ENSG00000100764 21 0.274256261219 0.000549907171486
PSMC4-ENSG00000013275 21 0.0166120171683 4.24102253655e-05
PSMC5-ENSG00000087191 21 0.17290382331 0.00025345688589
PSMC6-ENSG00000100519 21 -0.131170682837 -0.00083326100772
CNOT4-ENSG00000080802 0 NA NA
HEATR6-ENSG00000068097 7 0.158558474641 0.00677014854549
EPS15-ENSG00000085832 21 -0.131767280976 -0.00134305718304
RSF1-ENSG00000048649 21 -0.0736412066344 -0.00107878874174
POLRMT-ENSG00000099821 5 0.108273756737 0.00065329717169
IL32-ENSG00000008517 1 nan nan
RNF126-ENSG00000070423 11 0.320536469284 0.0269705698329
LCP2-ENSG00000043462 9 0.211896394262 0.00629179999493
PLEKHO1-ENSG00000023902 19 -0.261034234513 -0.00458900065456
ST6GALNAC1-ENSG00000070526 1 nan nan
CRAT-ENSG00000095321 8 0.387004518034 0.0290526969646
RAB21-ENSG00000080371 21 -0.101930713188 -0.000322758950152
TCL1A-ENSG00000100721 21 -0.177159041734 -0.00710138540792
EXOC1-ENSG00000090989 21 0.264427286952 0.0019573649346
ARSA-ENSG00000100299 0 NA NA
CFH-ENSG00000000971 3 0.0799825605996 0.00132138378577
EXOC5-ENSG00000070367 12 -0.121888081413 -0.000680943003934
HEXB-ENSG00000049860 21 -0.0129511040209 -0.000442658205346
PIK3C2A-ENSG00000011405 8 0.0413933014393 0.000285848187697
ANK1-ENSG00000029534 9 -0.231513115404 -0.0162336635443
MAP3K14-ENSG00000006062 2 -1.0 -0.000113750854
CREBBP-ENSG00000005339 4 -0.476802101432 -0.000498364572
VRK2-ENSG00000028116 20 0.230680756271 0.00993940706339
CMTM6-ENSG00000091317 19 -0.183839115866 -0.00160233410025
FUCA2-ENSG00000001036 2 1.0 0.0122954179355
FUT8-ENSG00000033170 16 0.0491867990961 0.00201942897173
IDI1-ENSG00000067064 21 0.18231029936 0.000865749024451
RAD18-ENSG00000070950 14 -0.288609083705 -0.00382505521152
SIDT1-ENSG00000072858 0 NA NA
REXO1-ENSG00000079313 1 nan nan
LRRC40-ENSG00000066557 21 0.318305633146 0.000542009013746
REXO2-ENSG00000076043 2 1.0 0.0108973650559
TNRC6A-ENSG00000090905 1 nan nan
USP28-ENSG00000048028 11 0.421744718311 0.0028317721779
SLC25A17-ENSG00000100372 10 0.607578445039 0.0243653596771
SLC25A13-ENSG00000004864 21 0.0850098615642 0.00253757665108
EIF3I-ENSG00000084623 21 0.4263203312 0.00153611811833
EIF3L-ENSG00000100129 21 -0.354608822131 -0.000820506197112
DHRS7-ENSG00000100612 21 0.0118627087983 0.000140476188404
ARHGEF5-ENSG00000050327 2 -1.0 -0.000256938993745
EIF3D-ENSG00000100353 21 -0.196428921708 -0.000900101535462
FGR-ENSG00000000938 20 -0.0691337020492 -0.001630423363
CBFB-ENSG00000067955 21 0.248722408742 0.00075862581288
MIPEP-ENSG00000027001 15 -0.205406838167 -0.00262764246022
SLC12A2-ENSG00000064651 16 -0.382080137699 -0.00816300417849
MTMR3-ENSG00000100330 3 -0.441342820651 -0.00206568477812
ZMPSTE24-ENSG00000084073 21 0.243932578899 0.000996137715464
MDH1-ENSG00000014641 21 0.191134367129 0.00175575203015
INPP5A-ENSG00000068383 3 0.0503420508542 0.0003548120456
WDR7-ENSG00000091157 5 0.917437771253 0.00188244827828
DAAM1-ENSG00000100592 3 -0.982311661686 -0.0399679291245
RFFL-ENSG00000092871 2 -1.0 -0.0213263406421
ATP1B3-ENSG00000069849 21 0.212227545039 0.00290741009478
SCYL3-ENSG00000000457 7 0.759584837948 0.0252519381808
BAZ1B-ENSG00000009954 21 0.0260714426784 6.21970343e-05
TPR-ENSG00000047410 21 -0.116335745705 -0.000115747778479
PHGDH-ENSG00000092621 21 0.0113004312466 0.00172748402942
MARK2-ENSG00000072518 17 -0.382253381205 -0.009431596552
THOC3-ENSG00000051596 21 -0.168066454858 -0.00297819051069
KHNYN-ENSG00000100441 17 0.588978417433 0.0271508638236
THOC1-ENSG00000079134 20 0.0530034253184 3.21284385505e-05
PAFAH1B1-ENSG00000007168 21 -0.228755261105 -0.00057829387526
PAFAH1B3-ENSG00000079462 21 -0.207719543763 -0.00226688137349
PLD1-ENSG00000075651 3 -0.539147451569 -0.023170581741
SYPL1-ENSG00000008282 21 -0.35848630441 -0.00632907391094
RAB27A-ENSG00000069974 21 0.00804032523265 0.000584258947757
ZC3H11A-ENSG00000058673 21 0.217101424586 0.000285603968318
SCARB1-ENSG00000073060 21 0.150435368535 0.00960847710604
SLC2A3-ENSG00000059804 14 -0.0323738977876 -0.00122225968165
NT5C2-ENSG00000076685 21 0.0202617414428 0.000522333000874
MRPL43-ENSG00000055950 21 -0.606778269298 -0.0211582414145
TMSB10-ENSG00000034510 4 0.497099853745 0.00780687568764
CYLD-ENSG00000083799 13 -0.282479060127 -0.0144494933127
TMEM48-ENSG00000058804 18 -0.00143837902417 -3.62994679824e-06
TRIP6-ENSG00000087077 20 -0.0600540530134 -0.0021058856187
ACTB-ENSG00000075624 21 -0.242050309609 -0.00118054889799
ELMO2-ENSG00000062598 19 0.0462881599923 0.00103364611619
SH3BP1-ENSG00000100092 21 -0.233276068623 -0.0128028161596
SDR39U1-ENSG00000100445 11 -0.0967291355527 -0.00457333269927
USP48-ENSG00000090686 21 -0.168463476443 -0.001866559509
SNX1-ENSG00000028528 21 0.350230075346 0.00694462531442
CYB5R4-ENSG00000065615 18 -0.0836248479046 -0.000231107447345
CYB5R3-ENSG00000100243 21 0.124652425896 0.00534306565512
FUS-ENSG00000089280 21 0.426540317432 0.000169998920237
SNX5-ENSG00000089006 21 -0.0922170305016 -0.00248506443245
ALG6-ENSG00000088035 3 0.894416940083 0.0052215062966
GGCT-ENSG00000006625 21 0.101284207588 0.000463097584503
DHX33-ENSG00000005100 10 0.105240985647 0.000593293057708
AP2B1-ENSG00000006125 21 0.348355799307 0.00168057554093
EXOSC5-ENSG00000077348 21 0.177289630945 0.000502849740757
CCDC124-ENSG00000007080 21 -0.304999723239 -0.00179294967053
RUNX3-ENSG00000020633 21 0.330650954073 0.00283931148321
KHSRP-ENSG00000088247 21 -0.331637578419 -0.000482766950179
DERL2-ENSG00000072849 8 0.409143177273 0.00188996010466
LYRM2-ENSG00000083099 4 0.225596344268 0.00560438835993
TRAF3IP3-ENSG00000009790 18 0.108766400287 0.00588876822347
FDFT1-ENSG00000079459 21 -0.301627484756 -0.0208720119595
ITPK1-ENSG00000100605 8 -0.294171762759 -0.0107460804024
TCF7-ENSG00000081059 1 nan nan
DHPS-ENSG00000095059 10 0.15509858997 0.00155471649067
DPYSL2-ENSG00000092964 21 0.135500151336 0.000922124900716
DLD-ENSG00000091140 21 0.188816976631 0.00122071407454
NUCKS1-ENSG00000069275 21 0.277501861065 0.0148474290837
MLLT10-ENSG00000078403 3 -0.292044896042 -0.0207665465011
IBTK-ENSG00000005700 4 -0.676085563528 -0.00411867510824
LXN-ENSG00000079257 14 0.0442802992569 0.00291739118535
BLVRB-ENSG00000090013 21 0.174067540036 0.00126490389237
EIF4B-ENSG00000063046 21 -0.0382656481323 -0.000626554686559
MTHFD2-ENSG00000065911 21 -0.00397743370038 -4.8643850747e-05
MTHFD1-ENSG00000100714 21 -0.667990194442 -0.00664048997511
RRN3-ENSG00000085721 1 nan nan
PPP5C-ENSG00000011485 21 0.332649684477 0.0156346613016
MCM5-ENSG00000100297 21 0.447569159993 0.00864341234036
NUBP2-ENSG00000095906 19 -0.2769105464 -0.00132145809086
LY75-ENSG00000054219 21 -0.08169004552 -0.00692097172154
PFN2-ENSG00000070087 20 -0.0706825061065 -0.0324958257282
SNX29-ENSG00000048471 0 NA NA
TBC1D1-ENSG00000065882 4 -0.73587965032 -0.0194974998609
SFSWAP-ENSG00000061936 20 -0.031427046086 -0.0011196133699
ALKBH5-ENSG00000091542 17 -0.537031128338 -0.0141260428933
COX15-ENSG00000014919 16 0.302804852953 0.0123436489594
GAS7-ENSG00000007237 8 -0.654677316952 -0.0510409444993
ALKBH1-ENSG00000100601 1 nan nan
CD74-ENSG00000019582 21 0.123070023529 0.000762512152777
NUDCD3-ENSG00000015676 21 0.131864206044 0.00595003332454
ADSS-ENSG00000035687 21 -0.0424396143892 -0.000839641289611
HDAC7-ENSG00000061273 2 1.0 0.000112900096575
CAPZB-ENSG00000077549 21 0.220665947212 0.000554989746407
RPLP0-ENSG00000089157 21 0.00846164182784 3.71686034853e-05
RFC1-ENSG00000035928 21 0.0242871109146 0.000330235989512
EIF2B3-ENSG00000070785 21 0.117700787778 0.000929295348539
RFC2-ENSG00000049541 21 -0.0510897058658 -0.000457652604756
GPBP1-ENSG00000062194 1 nan nan
RCOR1-ENSG00000089902 5 -0.769200517669 -0.010239314561
SUN2-ENSG00000100242 21 -0.17636578375 -0.000258064797086
MRPS33-ENSG00000090263 7 0.0474848005455 0.000619035172384
TRIP11-ENSG00000100815 13 0.199293064591 0.00769167482916
ITIH1-ENSG00000055957 3 -0.800821262897 -0.0197121957657
CBX5-ENSG00000094916 21 -0.159701970615 -8.55852046724e-05
TMED8-ENSG00000100580 18 -0.292823638993 -0.00395737261382
COASY-ENSG00000068120 21 -0.0565814494168 -0.000514799226857
MLF2-ENSG00000089693 8 -0.112298983609 -0.000458223361308
PSEN1-ENSG00000080815 5 -0.230613510333 -0.00906800680787
POLDIP3-ENSG00000100227 19 -0.186747936316 -0.00279852522486
RAB18-ENSG00000099246 21 0.0270677412796 0.000159314703004
C5orf22-ENSG00000082213 3 0.400750447499 0.00599733263145
RANBP9-ENSG00000010017 14 -0.0983516660596 -0.0010257858042
FAM21A-ENSG00000099290 2 -1.0 -0.00594026282645
RAB10-ENSG00000084733 21 0.198272898632 8.690976e-05
TTC27-ENSG00000018699 20 0.341882986158 0.00939057985287
TRIO-ENSG00000038382 9 -0.0213661535521 -0.000397757864742
LETMD1-ENSG00000050426 0 NA NA
PUS7-ENSG00000091127 17 -0.0336257238942 -0.0012511009189
UBE3C-ENSG00000009335 14 -0.375446563269 -0.00845081959833
SEPHS1-ENSG00000086475 21 0.465895430667 0.00278500779465
GNB1-ENSG00000078369 21 -0.449070712507 -0.0014637400713
MRPS18A-ENSG00000096080 15 -0.142184411596 -0.00139581938975
CELF2-ENSG00000048740 21 -0.30881414502 -0.00409312111199
TXN2-ENSG00000100348 6 0.886445525834 0.103969453957
ENO1-ENSG00000074800 21 -0.0904990341615 -0.000870257625964
SNW1-ENSG00000100603 21 -0.343537993988 -0.0048454861255
LAMP3-ENSG00000078081 17 0.0294970840092 0.00107090035721
LRRFIP2-ENSG00000093167 16 -0.0713015578319 -0.00505953227349
UNG-ENSG00000076248 7 -0.0194987524121 -0.00277247447641
EP300-ENSG00000100393 6 0.109685005344 0.00239256451605
TSPO-ENSG00000100300 21 -0.474285459707 -0.0420325986394
UHRF1-ENSG00000034063 21 -0.241469526159 -0.00214135565881
PUM2-ENSG00000055917 13 0.257047716572 0.00491614537111
C14orf129-ENSG00000100744 2 -1.0 -0.0072569574747
MAPK9-ENSG00000050748 11 0.55137318208 0.0157726450368
NCK2-ENSG00000071051 3 -0.684293223297 -0.000610380104477
KIF1B-ENSG00000054523 0 NA NA
ACOX3-ENSG00000087008 21 0.255007126495 0.0270200598297
SKIV2L2-ENSG00000039123 21 0.109031674482 0.000491965808048
TFIP11-ENSG00000100109 19 0.0924525730327 0.00473300941793
STX7-ENSG00000079950 21 0.0702151794218 0.00259717887226
TRAM1-ENSG00000067167 21 -0.235791185902 -0.00193067852645
KEAP1-ENSG00000079999 12 -0.298203762594 -0.0028967591583
FAM107B-ENSG00000065809 17 -0.102003713913 -0.0138807874714
SMEK1-ENSG00000100796 20 0.0997702379942 0.000939316214343
MYO9B-ENSG00000099331 21 -0.301462543453 -0.00139321674264
SLAMF7-ENSG00000026751 20 0.611073485792 0.0130709389415
XAB2-ENSG00000076924 21 0.269489680438 0.00673387343399
NOP14-ENSG00000087269 21 0.00322522498607 3.94880586524e-05
PHF15-ENSG00000043143 11 0.377291089572 0.000911142308583
PHF17-ENSG00000077684 2 -1.0 -0.00279670190754
ST6GAL1-ENSG00000073849 20 0.367015627687 0.0136747165072
TCEB3-ENSG00000011007 21 -0.219968063917 -0.00863052951333
RABGAP1-ENSG00000011454 19 -0.175694754583 -0.000630439942191
MSH2-ENSG00000095002 21 -0.224683627703 -0.00588832460724
MGLL-ENSG00000074416 21 0.343979983329 0.016353385665
PLOD1-ENSG00000083444 7 0.267745013103 0.0107352100581
SF3B2-ENSG00000087365 21 0.34035311008 0.00583994036629
LIMS2-ENSG00000072163 0 NA NA
NFYA-ENSG00000001167 16 -0.0130352139543 -0.000741399611053
TRMT2A-ENSG00000099899 10 0.144205949147 0.00118607615567
MRPS10-ENSG00000048544 17 0.286038854423 0.0224546237762
UIMC1-ENSG00000087206 13 0.134581259263 0.00113752861739
NOP58-ENSG00000055044 21 0.0643122077281 0.000205065021068
NDUFS1-ENSG00000023228 21 0.212206863375 0.00195717840979
DDHD1-ENSG00000100523 13 0.35653467167 0.00268213999214
ATG16L1-ENSG00000085978 5 -0.179042307373 -0.00524657951025
BID-ENSG00000015475 21 -0.25547090492 -0.0103568639549
DDHD2-ENSG00000085788 5 -0.547016978187 -0.0110669884827
FYN-ENSG00000010810 2 nan 0.0
PFKP-ENSG00000067057 21 0.0667880038383 0.00304986981983
DVL2-ENSG00000004975 18 -0.159930248636 -0.00273138974821
KDM4A-ENSG00000066135 0 NA NA
MED15-ENSG00000099917 4 0.927188107717 0.0052319964874
DNAJC10-ENSG00000077232 19 0.391900586671 0.00335317823126
MED17-ENSG00000042429 19 -0.0763338415526 -0.00178280913585
AP1B1-ENSG00000100280 21 0.0507517790713 0.000412879126325
OGFR-ENSG00000060491 21 -0.286164107603 -0.00158827973328
PACSIN2-ENSG00000100266 21 0.587628430263 0.015861285299
XPO1-ENSG00000082898 21 -0.117874618607 -1.83784527771e-05
MAT2B-ENSG00000038274 21 -0.0648630397636 -0.00013890673531
SUPT16H-ENSG00000092201 21 0.0484363032075 7.14335416667e-06
KIAA0020-ENSG00000080608 21 -0.346015107247 -0.00151831648216
PSME4-ENSG00000068878 19 0.0676361727088 0.000339754051475
TCF20-ENSG00000100207 11 -0.158820351871 -0.00171903090565
FCGR2B-ENSG00000072694 10 0.534842297316 0.0234049417689
AP2S1-ENSG00000042753 20 0.0178016775245 0.00015234522619
TXLNA-ENSG00000084652 21 0.134101819878 9.63161880936e-05
PSME1-ENSG00000092010 21 -0.556005015911 -0.00945357408908
NLE1-ENSG00000073536 19 -0.198165129989 -0.00773630037471
CYBA-ENSG00000051523 19 -0.02385043869 -0.000497667264232
LMAN1-ENSG00000074695 21 -0.112115885295 -0.00427569644461
SLK-ENSG00000065613 21 -0.156057085386 -0.00316663090361
KRIT1-ENSG00000001631 6 0.704224477308 0.0031062714881
CTNNA1-ENSG00000044115 18 0.103732720155 0.00715975502577
SLC9A1-ENSG00000090020 1 nan nan
DDX20-ENSG00000064703 21 0.118820921886 0.00117436525707
SPAST-ENSG00000021574 19 -0.241096068463 -0.000232301842246
DDX24-ENSG00000089737 21 0.125505278888 0.000594967517955
BZW1-ENSG00000082153 21 -0.210583599045 -0.000363499349379
NSUN2-ENSG00000037474 21 -0.563023392534 -0.0083875121144
ERP44-ENSG00000023318 21 -0.090132763332 -0.00101894190496
TESC-ENSG00000088992 2 -1.0 -0.00166917746145
ARHGAP31-ENSG00000031081 4 0.993750401675 0.032146636903
TYMP-ENSG00000025708 21 0.533488817816 0.0556950240172
BCKDHB-ENSG00000083123 21 0.558585541577 0.0108203271256
VTI1B-ENSG00000100568 21 -0.132831742759 -0.000568829775429
SP100-ENSG00000067066 21 -0.322256464595 -0.00226159340831
THOC5-ENSG00000100296 21 0.139470107729 0.00167485558517
ACADVL-ENSG00000072778 21 0.150934897634 0.0081556641151
TM7SF3-ENSG00000064115 8 -0.423257393351 -0.0613898056565
ADD1-ENSG00000087274 20 0.129963347215 0.00140097921812
NDUFB4-ENSG00000065518 21 0.200125139882 0.00177757004172
LRRC16A-ENSG00000079691 17 0.131710974301 0.0414471786567
PPIL2-ENSG00000100023 8 0.115317061585 0.00491043384633
POLR3B-ENSG00000013503 6 -0.318041224984 -0.00242726484231
ATP2C1-ENSG00000017260 14 0.447804447709 0.00257864760492
KIF2A-ENSG00000068796 21 -0.245379375565 -0.00196514303991
SPG21-ENSG00000090487 6 0.022368018889 0.000201843075401
TPD52-ENSG00000076554 21 -0.393886115008 -0.0288262844797
ZNF800-ENSG00000048405 2 -1.0 -0.00596319901256
ACSM3-ENSG00000005187 5 0.740130472434 0.00930091810387
PDPR-ENSG00000090857 4 -0.290057970262 -0.00234675046573
MAP3K4-ENSG00000085511 17 -0.27635598148 -0.00112050502913
MED24-ENSG00000008838 9 -0.263092759254 -0.00979065377185
STAP1-ENSG00000035720 21 0.170260497388 0.0120141803688
NSFL1C-ENSG00000088833 21 -0.0138874065273 -0.000943788611225
CYP51A1-ENSG00000001630 21 0.38226229255 0.0136407170001
WDR62-ENSG00000075702 1 nan nan
VPS35-ENSG00000069329 21 -0.415895101479 -0.00110648936899
CUL1-ENSG00000055130 21 -0.0860344751454 -0.000376776078039
CUL3-ENSG00000036257 21 -0.167876284046 -0.000266884188126
ANKRD44-ENSG00000065413 21 0.0253181262451 0.00028724076849
TRMU-ENSG00000100416 5 nan 0.0
TBXAS1-ENSG00000059377 6 -0.292630017568 -0.0154170913651
PNKP-ENSG00000039650 20 0.351004788581 0.0245897413524
SLC25A3-ENSG00000075415 21 0.220360861719 0.000831299763537
SLC25A1-ENSG00000100075 21 0.0724255836226 0.00165250326008
WNK1-ENSG00000060237 21 -0.104597955034 -0.000673787091627
SH3GLB1-ENSG00000097033 21 0.02908661677 0.000132491992397
KCNAB2-ENSG00000069424 21 0.182892891071 0.00810250949959
TOMM34-ENSG00000025772 21 0.416698384699 0.0172611621204
TRIT1-ENSG00000043514 1 nan nan
BRD9-ENSG00000028310 3 -0.825124808463 -0.0106465297078
SLC25A24-ENSG00000085491 3 0.996712364761 0.0320529565864
ACOT7-ENSG00000097021 21 -0.0128816713058 -0.000100844789645
BRD1-ENSG00000100425 7 -0.0214210258266 -0.000478413102032
USP36-ENSG00000055483 19 -0.398769635441 -0.0053513797546
GPATCH1-ENSG00000076650 1 nan nan
DNAJA2-ENSG00000069345 21 -0.14491886944 -0.000364582352842
CHMP2B-ENSG00000083937 21 0.542672537152 0.030763219311
RBBP9-ENSG00000089050 20 0.393497672875 0.0156206375902
DNAJA1-ENSG00000086061 21 0.359387126384 0.0011224687731
NIN-ENSG00000100503 1 nan nan
FAM65A-ENSG00000039523 0 NA NA
CNN2-ENSG00000064666 21 0.775075868258 0.0607291261435
LIMA1-ENSG00000050405 21 0.240415527496 0.014892092034
PRMT5-ENSG00000100462 21 -0.474480925937 -0.01390656167
ARCN1-ENSG00000095139 21 0.244230673198 0.0017406427062
SPEN-ENSG00000065526 19 0.34329989666 0.000274949794765
KPNA6-ENSG00000025800 18 -0.141136690067 -0.000736201101355
FKBP1A-ENSG00000088832 21 0.0430524026964 0.00207203864528
SIRT1-ENSG00000096717 1 nan nan
HDAC10-ENSG00000100429 1 nan nan
LZTR1-ENSG00000099949 9 0.608282604951 0.0386341885732
MED29-ENSG00000063322 1 nan nan
TACC3-ENSG00000013810 18 0.00940245563952 0.000629124331175
APBB1IP-ENSG00000077420 21 -0.0476377615198 -0.00113430861237
SEH1L-ENSG00000085415 21 0.120990045095 0.00063838954591
PTPLAD1-ENSG00000074696 21 0.146697946969 0.000589267985764
C12orf5-ENSG00000078237 21 0.175851588622 0.00587000834659
IFNGR1-ENSG00000027697 2 -1.0 -4.092980353e-05
SETD1A-ENSG00000099381 12 -0.279224670552 -0.00312624980417
NOP16-ENSG00000048162 20 0.250672042566 0.00921379059336
XRCC1-ENSG00000073050 21 -0.271571010937 -0.00327513563409
XRCC5-ENSG00000079246 21 0.0541700190424 0.000192006331659
SRSF5-ENSG00000100650 21 -0.0735973000767 -0.000491052742327
PPM1F-ENSG00000100034 10 0.58610370707 0.0363333877698
IARS2-ENSG00000067704 21 0.12054441014 0.000292940950329
ABCF2-ENSG00000033050 21 -0.142153270718 -0.00390279455602
TRAPPC6A-ENSG00000007255 2 1.0 0.0483576422423
C16orf80-ENSG00000070761 21 0.259735380127 0.000302246517714
AFF4-ENSG00000072364 0 NA NA
USP40-ENSG00000085982 4 0.809235303181 0.0167764381155
DNAJB11-ENSG00000090520 21 0.232724756622 0.00382047326187
TFRC-ENSG00000072274 21 -0.124124840245 -0.00352594583174
RRM2B-ENSG00000048392 20 -0.38080883628 -0.00321577381952
PNPLA6-ENSG00000032444 12 0.469080976564 0.0055637198596
B4GALT1-ENSG00000086062 20 -0.423752038338 -0.0196807137644
PRKACA-ENSG00000072062 21 0.218677225341 0.000607934736065
FNDC3B-ENSG00000075420 1 nan nan
TXNL1-ENSG00000091164 21 0.15703758825 0.00183217798023
CLNS1A-ENSG00000074201 21 -0.0639574545599 -0.00146020225463
PEBP1-ENSG00000089220 21 -0.0137956455766 -0.000210674478193
ERP29-ENSG00000089248 21 -0.167127318813 -0.00370790434758
EPN1-ENSG00000063245 12 -0.442002318043 -0.00199242310838
CDK11A-ENSG00000008128 21 -0.0345064929198 -5.98665988849e-05
DDT-ENSG00000099977 21 0.074535962225 0.00932938040939
UBA6-ENSG00000033178 21 -0.658444507909 -0.0034838708012
SENP1-ENSG00000079387 15 -0.0239923788365 -9.65945854353e-05
RBX1-ENSG00000100387 21 0.114438286882 0.00226365502298
TP53BP1-ENSG00000067369 21 0.0211524799469 5.54066945119e-05
EPN2-ENSG00000072134 2 1.0 0.00119846669664
PHF23-ENSG00000040633 3 -0.895579686147 -0.0083299513671
CCDC134-ENSG00000100147 4 0.928496686261 0.112070437116
UBE2K-ENSG00000078140 21 -0.13139818373 -0.00193629596792
LGMN-ENSG00000100600 21 -0.208061225355 -0.0139369298436
GNAS-ENSG00000087460 21 -0.172942879305 -0.00188049441372
MRPS24-ENSG00000062582 9 -0.111227967678 -0.00061831236688
RPAP3-ENSG00000005175 19 0.183413326108 0.00240156971901
LRCH4-ENSG00000077454 20 -0.00729120925838 -2.70360104966e-05
C11orf67-ENSG00000087884 5 0.904199002108 0.0399269232241
PPP2R5A-ENSG00000066027 13 0.0724698975228 0.0048193873208
TOP3B-ENSG00000100038 13 -0.142888827896 -0.00626296935556
POLA2-ENSG00000014138 17 -0.36365044644 -0.0149564908112
H2AFY2-ENSG00000099284 2 1.0 0.0190151666981
CTDP1-ENSG00000060069 21 -0.145939966137 -0.00670811329124
GRN-ENSG00000030582 12 0.216854128943 0.00430769461686
RPS5-ENSG00000083845 21 0.175802308045 0.00238538754743
PES1-ENSG00000100029 21 0.0816735155059 0.00156184807802
FBXO7-ENSG00000100225 18 -0.240184956051 -0.00150089364292
NSMAF-ENSG00000035681 1 nan nan
RFX3-ENSG00000080298 4 -0.755485210638 -0.000284670061633
CD79B-ENSG00000007312 14 0.414179650193 0.00467664977743
VEZT-ENSG00000028203 4 0.501648362689 0.0001021958058
STRN4-ENSG00000090372 9 0.539093872503 0.00162296537464
TMEM38B-ENSG00000095209 3 -0.999423299114 -0.0012857140156
JMJD6-ENSG00000070495 13 0.177611055291 0.0167584309032
DEF6-ENSG00000023892 21 0.331378381989 0.00846681774808
SNX11-ENSG00000002919 19 -0.10650362802 -0.00278074785598
TELO2-ENSG00000100726 19 0.192677257515 0.00837631028564
BCAP29-ENSG00000075790 21 0.105399733742 0.000933589030325
TOMM22-ENSG00000100216 20 0.238232303634 0.00237820285101
SNRPD3-ENSG00000100028 21 -0.452451394042 -0.00453281183889
FTL-ENSG00000087086 20 0.256995506827 0.00526647503208
AKAP8L-ENSG00000011243 18 -0.0428936699004 -9.25877631546e-05
ICAM1-ENSG00000090339 21 -0.0610860417502 -0.0021321728814
MARK3-ENSG00000075413 16 -0.0872005895084 -0.00347483196491
BCL7C-ENSG00000099385 0 NA NA
SYNRG-ENSG00000006114 21 0.0329763187416 8.53307520588e-05
KIF16B-ENSG00000089177 6 -0.0194419939179 -0.000695036690386
EPB41L3-ENSG00000082397 0 NA NA
EPB41L2-ENSG00000079819 21 0.184658747244 0.00816900941236
THRAP3-ENSG00000054118 21 0.233628692376 0.000754507281633
SRI-ENSG00000075142 21 -0.118759003605 -0.00211659437847
WAC-ENSG00000095787 13 -0.365920168962 -0.00298424664215
COMT-ENSG00000093010 21 0.00670281610524 0.000209115239358
WBP11-ENSG00000084463 21 -0.143807706195 -0.00152679482891
MAST3-ENSG00000099308 5 0.4893595858 0.00962867054082
WDR3-ENSG00000065183 21 0.178307648289 0.00133742815423
LGALS1-ENSG00000100097 21 0.151961037079 0.014460375458
CP-ENSG00000047457 5 0.783836634491 0.0201044026348
RRP12-ENSG00000052749 21 0.302996653692 0.0120317102398
FSCN1-ENSG00000075618 21 0.249475745485 0.00493907781079
MAEA-ENSG00000090316 11 0.438415224476 0.0166001890776
NFYC-ENSG00000066136 12 -0.0172788988408 -0.000331113218755
NUP50-ENSG00000093000 21 -0.160434324013 -0.00544415663136
CCDC132-ENSG00000004766 15 0.619575564255 0.00407037833656
ISOC1-ENSG00000066583 21 -0.397969591169 -0.0234650620806
EIF2AK2-ENSG00000055332 21 -0.214425797935 -0.00237980061671
ASNS-ENSG00000070669 21 0.0454553247878 0.00268683614851
SP140-ENSG00000079263 21 0.0702777556921 0.00574216647396
WAPAL-ENSG00000062650 21 -0.534682520217 -0.00338258064866
FAM136A-ENSG00000035141 18 -0.203518909631 -0.00819553068682
PPIE-ENSG00000084072 19 -0.0909147656587 -0.00292743327558
WDR18-ENSG00000065268 21 0.174587925447 0.00461514262546
TRNT1-ENSG00000072756 21 0.429453861746 0.013198248287
PALB2-ENSG00000083093 2 -1.0 -0.00580540663
LMF2-ENSG00000100258 13 -0.231759767848 -0.0097069142778
HMGXB4-ENSG00000100281 6 0.695987207987 0.00357155887402
DIP2B-ENSG00000066084 21 0.00814476725443 0.000558464671813
EIF5-ENSG00000100664 21 0.161751529741 0.0009649765814
MAP2K7-ENSG00000076984 7 0.279699899891 1.043101038e-05
ATP11B-ENSG00000058063 5 0.77927463052 0.00741560553707
MAP4-ENSG00000047849 21 0.427507928957 0.0127730506525
MAP2K4-ENSG00000065559 20 0.107069218436 0.000486863530032
AACS-ENSG00000081760 21 0.22027799531 0.00448534535822
TMEM159-ENSG00000011638 1 nan nan
THUMPD1-ENSG00000066654 21 0.0937312944825 0.00177506924091
FAS-ENSG00000026103 21 0.199215321043 0.0151386845536
BOD1L-ENSG00000038219 21 0.314702355287 0.00162034499012
NSF-ENSG00000073969 21 -0.280085983641 -0.00466509738081
APEX1-ENSG00000100823 21 0.404247276472 0.00193136508609
ZCCHC8-ENSG00000033030 21 -0.284710988193 -0.000611725935277
RGS1-ENSG00000090104 1 nan nan
GLT8D1-ENSG00000016864 3 -0.467209808529 -0.00558703855086
ATG5-ENSG00000057663 3 -0.127808026658 -0.00023364293985
ENPP4-ENSG00000001561 18 -0.064297013339 -0.00207130770104
SLC44A1-ENSG00000070214 7 -0.087424213507 -0.00248390695071
SMARCB1-ENSG00000099956 20 0.0769211784657 0.0017928244634
WDFY1-ENSG00000085449 21 -0.33421951864 -0.013370340061
MCM6-ENSG00000076003 21 0.0181350963818 0.000379897387075
AP4E1-ENSG00000081014 1 nan nan
PIGS-ENSG00000087111 17 0.1408853436 0.000979674763464
PPP6R2-ENSG00000100239 8 -0.712726894203 -0.0052509044073
RHOBTB1-ENSG00000072422 0 NA NA
VIM-ENSG00000026025 21 -0.0389903138423 -0.00222628386978
DUSP12-ENSG00000081721 10 -0.362998374189 -0.00146009818881
SNRNP40-ENSG00000060688 21 0.443525382983 0.0007428097572
CPNE3-ENSG00000085719 21 0.507881658529 0.00342106322715
TIPIN-ENSG00000075131 13 -0.0548872579367 -0.00379892675613
CASP8-ENSG00000064012 1 nan nan
UBE2T-ENSG00000077152 13 0.12462852151 0.000421135877026
HSPB11-ENSG00000081870 21 0.18109990565 0.000645262355934
RDH11-ENSG00000072042 21 0.0886749571744 0.00171505458471
POLD3-ENSG00000077514 19 -0.0570081118923 -0.000350220551978
RRP15-ENSG00000067533 20 0.376597226035 0.0133313327996
UFD1L-ENSG00000070010 21 -0.387154889226 -0.00121443258862
PICALM-ENSG00000073921 21 0.177656421351 0.00370931152942
M6PR-ENSG00000003056 21 0.602918625101 0.0220928203139
PIBF1-ENSG00000083535 0 NA NA
LAT2-ENSG00000086730 19 -0.250434199547 -0.008105342793
LYPLA2-ENSG00000011009 21 0.36302633854 0.000938317966805
SSH1-ENSG00000084112 2 -1.0 -0.0045724461636
CASP10-ENSG00000003400 1 nan nan
GLG1-ENSG00000090863 21 0.0097054209726 7.7105431816e-05
OAT-ENSG00000065154 12 0.0996956783174 0.00827036554389
PI4K2B-ENSG00000038210 5 0.118432243145 0.00114371571709
KIFAP3-ENSG00000075945 10 0.173441944395 0.000828396089751
UBR2-ENSG00000024048 4 -0.674724209746 -0.0027592593065
TRMT11-ENSG00000066651 6 0.00307803324592 3.28700600233e-05
SMAP2-ENSG00000084070 21 0.319166180488 0.00306722911603
RALBP1-ENSG00000017797 15 0.134811033947 0.00876888951167
BCS1L-ENSG00000074582 20 -0.00492479009627 -4.34478158046e-05
STK17B-ENSG00000081320 17 -0.0816535888337 -0.00358777813942
NECAP1-ENSG00000089818 0 NA NA
CIAPIN1-ENSG00000005194 21 0.105601007517 0.00133053482699
HSP90AB1-ENSG00000096384 21 0.436288014541 0.000425419989718
GOLGA3-ENSG00000090615 21 -0.00616096291633 -9.19934533136e-06
ZFAND6-ENSG00000086666 10 -0.123642380197 -0.00148843502281
GOLGA5-ENSG00000066455 19 0.0395456552307 0.000493997658118
CAPN1-ENSG00000014216 21 -0.187828529863 -0.00689909621778
LIG3-ENSG00000005156 21 -0.325183082159 -0.0230684467915
PPPDE2-ENSG00000100418 3 -0.89140669864 -0.0370681549248
TDRD3-ENSG00000083544 1 nan nan
ALOX5-ENSG00000012779 20 -0.111600336167 -0.00743974343309
IFI35-ENSG00000068079 21 0.352882420819 0.00169019473375
RANGAP1-ENSG00000100401 21 -0.295111993455 -0.000895409570539
ATP2B1-ENSG00000070961 21 0.207431518887 0.000434693337875
PMS1-ENSG00000064933 2 -1.0 -2.41548027875e-05
ATG2B-ENSG00000066739 8 0.0275274086118 8.37898933429e-05
UNC13D-ENSG00000092929 21 0.105666456573 0.00134631441024
CSNK2A2-ENSG00000070770 21 -0.25076762845 -0.000393157250817
NUCB2-ENSG00000070081 21 0.26099577137 0.0271128628698
FAM76B-ENSG00000077458 11 0.423509295159 0.0084537130447
EIF4G3-ENSG00000075151 21 0.166188964367 0.001036891516
GSK3B-ENSG00000082701 21 -0.389441994782 -0.00795524778479
ZZEF1-ENSG00000074755 13 0.126136780771 0.00273110164789
DDX1-ENSG00000079785 21 -0.345321770214 -0.000890913769197
XRN2-ENSG00000088930 21 0.149076223173 0.000835082518125
KDM5A-ENSG00000073614 5 0.400623660646 0.0135685126704
TRAF1-ENSG00000056558 21 -0.0301700299985 -0.00119307857354
PABPC1-ENSG00000070756 21 -0.17309582653 -0.000342918124267
AKAP11-ENSG00000023516 15 0.43611872165 0.000938512897783
PABPC4-ENSG00000090621 21 0.218062403171 0.00620248480307
RPL3-ENSG00000100316 21 0.0279409445387 0.000106249414407
H6PD-ENSG00000049239 14 0.643608117315 0.0627907230819
RNH1-ENSG00000023191 21 0.169055508696 0.0042555613288
DNM2-ENSG00000079805 21 -0.0892446303924 -0.000158707528789
SMG6-ENSG00000070366 6 0.0894995627683 0.000405416077401
EED-ENSG00000074266 21 -0.216260726967 -0.00162802562967
ARID4B-ENSG00000054267 7 -0.206721957083 -0.00198697538493
CSDA-ENSG00000060138 21 -0.0372912198113 -0.00057758890262
ADRBK2-ENSG00000100077 0 NA NA
PHLDB1-ENSG00000019144 9 0.00709767381701 0.000141282647824
CDV3-ENSG00000091527 21 0.0403230788952 0.00207178708401
SCD-ENSG00000099194 19 0.139242842673 0.00242949709213
HAUS4-ENSG00000092036 10 -0.105912195107 -0.00898686381371
ZBTB32-ENSG00000011590 1 nan nan
TOP2B-ENSG00000077097 21 -0.216027277489 -0.000647342842937
PDIA5-ENSG00000065485 21 -0.0314730793997 -0.00118467716812
EXD2-ENSG00000081177 3 -0.583975663628 -0.000545688390017
SIRT2-ENSG00000068903 11 0.34580192544 0.013016599381
RAB7A-ENSG00000075785 21 -0.117861975202 -0.000175099707149
GNPNAT1-ENSG00000100522 20 -0.390955556971 -0.00124711927184
RCN1-ENSG00000049449 21 0.125328108166 0.00881588109481
VCL-ENSG00000035403 21 0.24857844055 0.0126326103548
CROCC-ENSG00000058453 2 -1.0 -0.00827417900662
POLR2E-ENSG00000099817 21 -0.16105744078 -0.00673002580111
DCUN1D1-ENSG00000043093 21 0.289360983005 0.00121872143256
POLR2F-ENSG00000100142 4 0.51780202337 0.00148458748693
RECQL-ENSG00000004700 21 0.0146808372643 0.000237869045464
POLR2B-ENSG00000047315 21 -0.0582332000872 -8.35020124279e-05
SART3-ENSG00000075856 21 0.228617260367 0.000102497322168
ITPR3-ENSG00000096433 3 -0.984096404263 -0.0391554176198
AKR7A2-ENSG00000053371 21 0.468368775628 0.0356656608163
CAPG-ENSG00000042493 21 0.492466863037 0.0658797367495
VPS41-ENSG00000006715 5 -0.146969337032 -0.0055245097742
PEX3-ENSG00000034693 20 -0.166712594789 -0.00212154876471
TECR-ENSG00000099797 21 -0.197210077468 -0.00190363543661
TAF2-ENSG00000064313 7 0.161731445244 0.000848800687429
CDC23-ENSG00000094880 20 0.364327226661 0.00135099752366
TAF9-ENSG00000085231 21 0.232596928974 0.00462312172999
NRD1-ENSG00000078618 21 -0.0523240920913 -0.000782636407079
TOX4-ENSG00000092203 8 0.410119055613 0.00722753496873
RBM22-ENSG00000086589 21 -0.00103698717705 -4.88827799107e-06
ELOVL1-ENSG00000066322 16 0.0601697138559 0.00071172086519
AIFM2-ENSG00000042286 8 -0.528723314131 -0.0481693274063
ASCC2-ENSG00000100325 18 0.0876888536584 0.00325190198587
KDM1A-ENSG00000004487 19 -0.235399205718 -0.000616846285
AGPS-ENSG00000018510 21 0.370492967888 0.00348032667334
EHD3-ENSG00000013016 13 -0.128135242137 -0.00263749903734
WBSCR22-ENSG00000071462 18 -0.130141707325 -0.00578041437031
NCF4-ENSG00000100365 21 0.00811492368072 0.000297300211825
SERPINB1-ENSG00000021355 21 -0.0303129851064 -0.00101086059295
LAP3-ENSG00000002549 21 0.136826226135 0.0100618976757
FAM120A-ENSG00000048828 21 -0.168566945307 -0.000319970941718
PRKCQ-ENSG00000065675 0 NA NA
ME2-ENSG00000082212 21 -0.341716388192 -0.00629515059528
ABL1-ENSG00000097007 1 nan nan
CWF19L1-ENSG00000095485 20 -0.0427918231245 -0.00274730402758
GNAI3-ENSG00000065135 21 0.111295569853 0.000301160870105
ATP5D-ENSG00000099624 21 0.208948273666 0.0105617000242
TNPO3-ENSG00000064419 21 -0.00757225358399 -0.000120411688972
TNPO1-ENSG00000083312 21 0.0397617788632 0.000111225724194
OGFOD1-ENSG00000087263 19 0.241938132979 0.0101901169298
TMED2-ENSG00000086598 21 0.395336217383 0.00215477435135
TMED1-ENSG00000099203 8 0.380160197682 0.00334118395627
PSMA3-ENSG00000100567 21 -0.155326008029 -0.000205035247361
MRPS35-ENSG00000061794 21 0.111912277286 0.00112992589302
MRPS34-ENSG00000074071 16 -0.216343977605 -0.00652633843832
BAIAP2L1-ENSG00000006453 17 -0.259560466623 -0.021971168777
GCN1L1-ENSG00000089154 21 0.392773794384 0.00299176760701
PAPOLA-ENSG00000090060 20 -0.175899085376 -0.000917220526613
TRMT6-ENSG00000089195 21 0.359946229692 0.00769367568534
MAPK1-ENSG00000100030 21 -0.0580090857038 -0.000373983490431
PPP1R12A-ENSG00000058272 21 0.109700553057 0.000345720090282
PDCD7-ENSG00000090470 0 NA NA
ALDH18A1-ENSG00000059573 21 0.118300774857 0.00112345028116
HNRNPC-ENSG00000092199 21 0.156880394144 0.00010732493895
PDCD2-ENSG00000071994 6 0.681103698237 0.00274809921709
CECR1-ENSG00000093072 15 0.272151556788 0.0253006318003
SEL1L-ENSG00000071537 21 -0.209428069916 -0.000645720969962
CECR5-ENSG00000069998 21 0.0371677255735 0.000490717225683
RABEP1-ENSG00000029725 21 0.378151538485 0.0051529668875
GGA1-ENSG00000100083 20 -0.104341290263 -0.0100678087484
CLPTM1L-ENSG00000049656 15 -0.241751020608 -0.00186454198306
BRAP-ENSG00000089234 8 -0.0829251160808 -0.000212653835529
MNAT1-ENSG00000020426 19 0.0550046811811 0.000313894766308
SEC63-ENSG00000025796 21 -0.222856887311 -0.00157201977166
TFB1M-ENSG00000029639 19 0.603171478398 0.0209917151804
TP63-ENSG00000073282 1 nan nan
STAU2-ENSG00000040341 18 0.302309446393 0.00152713503456
DICER1-ENSG00000100697 15 -0.207152525745 -0.00305160951065
HIRA-ENSG00000100084 1 nan nan
SYNGR1-ENSG00000100321 0 NA NA
PKD1-ENSG00000008710 11 0.318041349964 0.00227513824266
DAPP1-ENSG00000070190 4 0.697790014279 0.0101699105694
PIAS2-ENSG00000078043 3 0.153625664208 0.00368975032973
PIAS1-ENSG00000033800 2 -1.0 -0.0309087433011
OXCT1-ENSG00000083720 21 0.0531860474493 0.000168869224547
TIMM9-ENSG00000100575 21 0.130134491192 9.1354513725e-05
HSP90AA1-ENSG00000080824 21 0.0807285445754 1.795998968e-05
PSMB5-ENSG00000100804 21 0.0849586251932 0.0016984010171
MRTO4-ENSG00000053372 21 -0.0764073927824 -0.00246782231323
PSMB1-ENSG00000008018 21 0.0985069343998 0.00145697646815
ST13-ENSG00000100380 21 0.0694158051043 0.000108874578043
KARS-ENSG00000065427 21 -0.0352934279507 -6.35064102931e-05
TBC1D22A-ENSG00000054611 21 0.286712818845 0.0101783198052
CLEC16A-ENSG00000038532 21 0.0508257170053 0.000278760704039
CD59-ENSG00000085063 21 -0.0791247095918 -0.00419421218715
ROCK1-ENSG00000067900 21 0.341963344235 0.0008141923542
SAMM50-ENSG00000100347 21 -0.247511739771 -0.00955918043131
IKBKAP-ENSG00000070061 21 0.157517220535 0.0020405805872
DERA-ENSG00000023697 19 -0.216188887199 -0.000600359334962
TOLLIP-ENSG00000078902 18 0.131128206661 0.000218777906392
GCLM-ENSG00000023909 18 -0.0330956986178 -0.00129075557702
BCL2L13-ENSG00000099968 21 0.224358162151 0.0166864502249
AQR-ENSG00000021776 21 -0.117700052302 -0.000305049357201
HAGH-ENSG00000063854 21 0.377779480086 0.00672212966309
ZC3HC1-ENSG00000091732 21 0.0177381494965 9.55301415129e-05
HADHA-ENSG00000084754 21 0.240689816008 0.00126371000012
GCLC-ENSG00000001084 6 -0.653655565232 -0.0146384096569
MLH1-ENSG00000076242 21 0.0831281798723 0.00249824586065
EXOSC7-ENSG00000075914 21 0.0451231184898 0.0011854204899
RETSAT-ENSG00000042445 8 -0.453701495981 -0.0356535244738
NCKAP1-ENSG00000061676 3 0.057534410112 0.00078264200757
TTLL12-ENSG00000100304 21 -0.141216043852 -0.00511366459016
TF-ENSG00000091513 10 0.0650355761494 0.00142037534361
DGKA-ENSG00000065357 4 0.227614673954 0.00110724285645
MTA3-ENSG00000057935 20 -0.0762002403824 -0.0014371676549
RRAGD-ENSG00000025039 2 1.0 0.017362031389
PABPN1-ENSG00000100836 21 -0.293673479067 -0.000405722276021
ESF1-ENSG00000089048 17 -0.102803239391 -0.00059584941305
CLASP1-ENSG00000074054 21 -0.0722027795933 -0.000320266257596
NUP160-ENSG00000030066 21 0.0952589892583 0.000351400342207
ACAP1-ENSG00000072818 21 0.571528348716 0.0240282549043
ORC1-ENSG00000085840 2 1.0 0.000569038705
USP13-ENSG00000058056 9 -0.269779706518 -0.0118221600428
GGT1-ENSG00000100031 8 0.30326372139 0.0233586460902
MCOLN3-ENSG00000055732 2 1.0 0.030172165485
GDE1-ENSG00000006007 15 -0.0828293700002 -0.00532317054169
ZCCHC6-ENSG00000083223 13 0.453057839563 0.00287858118666
SNRPA-ENSG00000077312 21 -0.10227988809 -0.000360639844037
MTAP-ENSG00000099810 21 -0.186387130773 -0.000522619076609
DAZAP1-ENSG00000071626 21 0.0659767895331 0.00015437288905
DIS3-ENSG00000083520 21 0.285108104941 0.000955279397671
RPL26L1-ENSG00000037241 11 0.418571942731 0.00320340889418
AARS-ENSG00000090861 21 0.491559216881 0.00118647866628
EZR-ENSG00000092820 21 0.192371961217 0.00156666679542
NEDD4L-ENSG00000049759 2 -1.0 -0.0201401817323
TARBP1-ENSG00000059588 2 1.0 0.0162585456718
PTPRC-ENSG00000081237 21 -0.0228124420369 -0.000113303740823
DGCR14-ENSG00000100056 4 -0.676824778854 -0.032141363105
GNA11-ENSG00000088256 1 nan nan
SDHA-ENSG00000073578 21 0.0667366934703 0.000856240743553
DNM1L-ENSG00000087470 21 0.342729475579 0.000113106166607
TBC1D10A-ENSG00000099992 6 0.0158685931832 1.64772348333e-05
