SCFD1 21 0.227923043972 0.00691119328741
IFT27 1 nan nan
AGK 21 0.298426342484 0.0046587932395
CRKL 20 -0.23465647585 -0.00570192492514
UTP18 18 -0.115635141131 -0.00242851341682
STK10 21 -0.0355789768643 -0.000204377281781
AP1M1 21 0.262485828401 0.00555307970126
AGA 19 0.0473154425316 0.00536815798217
FKBP4 21 0.21792033182 0.00062199563369
FKBP7 2 1.0 0.0292669629182
FKBP3 21 -0.498474688589 -0.000497796636
ANKIB1 1 nan nan
PMM1 1 nan nan
DLG1 6 0.199732478967 0.00447743001012
RALA 21 0.549020745852 0.00304480437206
SDF4 21 0.154959944194 0.00807169477255
HSPA5 21 -0.26612724833 -0.00076953051675
PIK3CB 4 -0.23064040992 -0.00171620592241
FAM114A2 21 -0.165228992754 -0.000657874877496
SPTLC2 20 -0.0313578409551 -0.0013434240764
ZC3H14 21 0.0532910462103 0.000107000244132
SPTLC1 21 0.312101325491 0.00201929524852
METTL13 21 0.178416829305 0.00963285633536
HEBP2 9 0.351244934703 0.0464149782169
KDM2B 0 nan nan
SGSM3 0 nan nan
YAF2 12 -0.21845667377 -0.00770479245838
DHX8 9 -0.293129602371 -0.00617307035333
OSGEP 18 0.0627506621989 0.00356765449166
TCOF1 21 0.312349582549 0.000402079917242
WDR1 21 0.365838484471 0.00335378126651
BCAT1 14 -0.00108046226934 -0.000167792737216
OSBPL8 20 -0.482236840099 -0.0135221340869
MON2 15 0.261418789467 0.0020598540508
SMARCD1 13 0.698947557248 0.00958783850666
GMIP 21 0.0721058356471 0.00121262039169
OSBPL3 21 0.0352990034991 0.00253425055684
PSMA4 21 -0.0821973832309 -0.000625661791688
PIK3C3 18 -0.296030060966 -0.005530876892
ISOC2 19 -0.249224872112 -0.00195299502237
SBF1 11 0.00155224809958 1.24649701863e-05
SNAP23 21 0.174248134156 0.00563760888358
TRIP13 19 0.329732286345 0.000160353447208
GTSE1 5 -0.409183775032 -0.0004029793438
SNAP29 21 -0.0372441637853 -0.00171471472738
BAK1 11 -0.0663271662888 -0.0113592448731
ARHGAP15 21 0.404588118821 0.0152737691754
RHBDD2 9 -0.396182084469 -0.0119542438543
U2AF2 21 -0.0120356090695 -5.11742190245e-05
ARHGAP10 17 -0.1311090319 -0.00304135529429
SLC30A9 18 0.0233668318123 0.00032564468714
YBX1 21 -0.0790763109558 -0.000752438061762
STARD7 11 0.238409741747 0.00272741045511
PHPT1 21 0.34952014651 0.0303337404839
ATP6V1D 19 -0.521373588126 -0.00338808232298
FBXW11 15 0.202838705274 0.000106829144203
ELAVL1 21 0.299390368231 0.000519120460614
TTC19 7 0.466443098715 0.0487110586355
ATP2A3 21 -0.0511227985477 -0.000993350562895
ALDH3A2 20 0.574962709136 0.0537150670638
ATP6V1H 21 -0.18645517019 -0.000763976008588
UBE2D1 4 -0.677892646497 -0.0285311068198
MGST2 3 0.414017879585 0.0553264564423
POLR1A 21 0.0469927297436 0.00113134461905
GTF3C1 21 0.109517953759 0.000136789644034
BAZ2A 17 -0.204273621359 -0.001001335693
HSCB 2 1.0 0.0038211027701
MRPL28 21 0.31698126942 0.00241351372401
AHSA1 21 -0.0153859613879 -5.40019479679e-05
GRAP2 6 0.160690298641 0.00767108186934
TIMM13 21 0.0120685753158 0.00183953077105
MRI1 21 0.0807074099313 0.00143363098267
GTF2I 21 -0.125316198776 -0.000844749588076
HMMR 11 0.354167738121 0.000508179100573
NDUFAB1 21 -0.0572286881209 -0.000319542586065
HEATR5B 19 0.280274765424 0.00580127252518
PHRF1 10 0.0474699474759 0.000335250714578
NCAPD2 21 -0.145961257179 -0.00378286415936
KCNQ1 5 -0.13644621602 -0.000465152882233
C20orf43 20 -0.115739119201 -0.000263096412109
GDI2 21 0.185920150023 0.00495687853464
PGM3 17 0.22981592019 0.00117830294878
ANAPC5 18 -0.342921540433 -0.00465410465187
ANAPC4 18 -0.272231755015 -0.0122660260492
MCCC1 21 0.198043483678 0.00686534658487
NUFIP1 3 -0.994376211178 -0.00184129240764
TFAP4 6 0.554698290152 0.000776380665852
MTFR1 6 0.89704572135 0.00563295363547
ERMP1 5 -0.950201407275 -0.0284660455899
PREP 21 -0.429633050241 -0.00372912886548
C22orf28 21 -0.330643883839 -0.001347036103
PDRG1 4 0.968290843706 0.0166801740592
ITGAL 21 0.187118251041 0.0048903754406
USE1 8 -0.496674560397 -0.00170731269623
C1orf144 21 0.0569431290663 0.000232652049371
TTC38 6 -0.107876108475 -0.0018445022872
ECHDC1 21 0.0938340818198 0.0052687942594
EPDR1 5 -0.690489074564 -0.0624841800199
GANAB 21 0.202544428373 0.000911028506919
SOAT1 21 0.255434362837 0.0162144836979
NUP133 21 -0.117834777355 -0.000867668847775
PAG1 19 -0.341065352818 -0.0148832531383
MKRN2 13 0.361490574598 0.0138274961898
POLB 14 0.0127622838328 5.44355149409e-05
CHDH 14 -0.318390958547 -0.00970032120019
MAP4K5 1 nan nan
TRAM2 1 nan nan
RNASET2 20 0.294350631546 0.0739216878427
RHOA 21 -0.0737686318493 -0.00055109869135
PSMD8 21 0.143863461755 0.000403776867658
CDC34 10 0.220054393988 0.00223668375494
ARF5 21 -0.484471187232 -0.00100411415319
ACAT1 21 0.330828537047 0.0103584154031
TOM1 18 -0.334204671657 -0.034793373727
ZC3H15 21 -0.136322574791 -0.000345086793262
AP3D1 21 0.393249493905 0.00770532180251
YTHDC2 14 -0.507506231263 -0.025106005098
MVP 21 -0.557814605738 -0.00839221121033
RIF1 21 0.321428214868 0.00424000047456
QPCTL 4 0.581769892934 0.012356768487
MCAM 5 0.681660279993 0.0174937482566
C17orf85 19 0.233558712669 0.00265630456049
CPOX 21 0.132703297203 0.000627954315632
SAR1A 21 0.216176704821 0.00191826240865
STARD3NL 19 -0.0801837683311 -0.00298484341138
RIOK2 18 0.337920667934 0.00752065492569
ZNF638 21 0.608715764334 0.00484277055249
ZFYVE26 6 0.0914218664297 0.000237092062404
MICALL1 2 1.0 0.00345860200803
AK2 21 -0.10957331137 -0.00052958034706
GSTZ1 18 0.19614357653 0.0140636592913
SRRT 21 -0.219545819226 -0.000309941581057
CDC45 6 -0.546301659385 -0.00182588491991
SARS 21 0.0105026346461 4.3238762795e-05
CDC42 21 0.181458257643 0.00331810850722
RBM6 18 0.255631484128 0.0136577152536
RBM5 17 -0.248090756685 -0.0034576726962
CTTN 15 0.20000883736 0.00546839374951
IPO11 21 -0.11570577119 -0.00138873051859
ITCH 8 -0.150076155683 -0.00279252080733
PSMD5 21 0.124225208354 0.00255959979355
HMOX1 19 0.074053966132 0.00275095319965
BAX 21 0.240919473909 0.0117028556364
SRBD1 18 0.179640196653 0.0086816046847
SH2D3C 0 nan nan
NDE1 21 0.513695828769 0.0425708560085
VRK1 21 0.0526234912952 0.000265569312607
LARS2 21 0.556975483466 0.0140678342949
CPSF1 21 -0.0439637852138 -0.00487966479474
CAD 21 -0.050340241625 -0.000235323579638
DDX17 21 -0.00495900061387 -8.19694481229e-05
HERPUD1 15 -0.252883343654 -0.0135114917601
RBM27 21 0.483821002015 8.69201959639e-05
MAD1L1 21 -0.0602688683061 -0.00112436806512
CDK13 16 -0.00127019801345 -1.99497812798e-05
DYNC1I2 21 -0.319207858037 -0.000988403862962
NUDC 21 -0.303916407896 -0.000669225487273
DDX18 21 0.131175644738 0.00330602557774
LMCD1 11 0.00844286155503 0.000704932116147
ACAA1 21 0.234913306013 0.00398580256862
ST7 6 0.649249806362 0.00459230248329
CNOT3 21 0.0366846558674 0.000297119051581
PSMC1 21 0.274256261219 0.000549907171486
PSMC4 21 0.0166120171683 4.24102253655e-05
PSMC5 21 0.17290382331 0.00025345688589
PSMC6 21 -0.131170682837 -0.00083326100772
CNOT4 0 nan nan
HEATR6 7 0.158558474641 0.00677014854549
EPS15 21 -0.131767280976 -0.00134305718304
RSF1 21 -0.0736412066344 -0.00107878874174
POLRMT 5 0.108273756737 0.00065329717169
IL32 1 nan nan
RNF126 11 0.320536469284 0.0269705698329
LCP2 9 0.211896394262 0.00629179999493
PLEKHO1 19 -0.261034234513 -0.00458900065456
ST6GALNAC1 1 nan nan
CRAT 8 0.387004518034 0.0290526969646
RAB21 21 -0.101930713188 -0.000322758950152
TCL1A 21 -0.177159041734 -0.00710138540792
EXOC1 21 0.264427286952 0.0019573649346
ARSA 0 nan nan
CFH 3 0.0799825605996 0.00132138378577
EXOC5 12 -0.121888081413 -0.000680943003934
HEXB 21 -0.0129511040209 -0.000442658205346
PIK3C2A 8 0.0413933014393 0.000285848187697
ANK1 9 -0.231513115404 -0.0162336635443
MAP3K14 2 -1.0 -0.000113750854
CREBBP 4 -0.476802101432 -0.000498364572
VRK2 20 0.230680756271 0.00993940706339
CMTM6 19 -0.183839115866 -0.00160233410025
FUCA2 2 1.0 0.0122954179355
FUT8 16 0.0491867990961 0.00201942897173
IDI1 21 0.18231029936 0.000865749024451
RAD18 14 -0.288609083705 -0.00382505521152
SIDT1 0 nan nan
REXO1 1 nan nan
LRRC40 21 0.318305633146 0.000542009013746
REXO2 2 1.0 0.0108973650559
TNRC6A 1 nan nan
USP28 11 0.421744718311 0.0028317721779
SLC25A17 10 0.607578445039 0.0243653596771
SLC25A13 21 0.0850098615642 0.00253757665108
EIF3I 21 0.4263203312 0.00153611811833
EIF3L 21 -0.354608822131 -0.000820506197112
DHRS7 21 0.0118627087983 0.000140476188404
ARHGEF5 2 -1.0 -0.000256938993745
EIF3D 21 -0.196428921708 -0.000900101535462
FGR 20 -0.0691337020492 -0.001630423363
CBFB 21 0.248722408742 0.00075862581288
MIPEP 15 -0.205406838167 -0.00262764246022
SLC12A2 16 -0.382080137699 -0.00816300417849
MTMR3 3 -0.441342820651 -0.00206568477812
ZMPSTE24 21 0.243932578899 0.000996137715464
MDH1 21 0.191134367129 0.00175575203015
INPP5A 3 0.0503420508542 0.0003548120456
WDR7 5 0.917437771253 0.00188244827828
DAAM1 3 -0.982311661686 -0.0399679291245
RFFL 2 -1.0 -0.0213263406421
ATP1B3 21 0.212227545039 0.00290741009478
SCYL3 7 0.759584837948 0.0252519381808
BAZ1B 21 0.0260714426784 6.21970343e-05
TPR 21 -0.116335745705 -0.000115747778479
PHGDH 21 0.0113004312466 0.00172748402942
MARK2 17 -0.382253381205 -0.009431596552
THOC3 21 -0.168066454858 -0.00297819051069
KHNYN 17 0.588978417433 0.0271508638236
THOC1 20 0.0530034253184 3.21284385505e-05
PAFAH1B1 21 -0.228755261105 -0.00057829387526
PAFAH1B3 21 -0.207719543763 -0.00226688137349
PLD1 3 -0.539147451569 -0.023170581741
SYPL1 21 -0.35848630441 -0.00632907391094
RAB27A 21 0.00804032523265 0.000584258947757
ZC3H11A 21 0.217101424586 0.000285603968318
SCARB1 21 0.150435368535 0.00960847710604
SLC2A3 14 -0.0323738977876 -0.00122225968165
NT5C2 21 0.0202617414428 0.000522333000874
MRPL43 21 -0.606778269298 -0.0211582414145
TMSB10 4 0.497099853745 0.00780687568764
CYLD 13 -0.282479060127 -0.0144494933127
TMEM48 18 -0.00143837902417 -3.62994679824e-06
TRIP6 20 -0.0600540530134 -0.0021058856187
ACTB 21 -0.242050309609 -0.00118054889799
ELMO2 19 0.0462881599923 0.00103364611619
SH3BP1 21 -0.233276068623 -0.0128028161596
SDR39U1 11 -0.0967291355527 -0.00457333269927
USP48 21 -0.168463476443 -0.001866559509
SNX1 21 0.350230075346 0.00694462531442
CYB5R4 18 -0.0836248479046 -0.000231107447345
CYB5R3 21 0.124652425896 0.00534306565512
FUS 21 0.426540317432 0.000169998920237
SNX5 21 -0.0922170305016 -0.00248506443245
ALG6 3 0.894416940083 0.0052215062966
GGCT 21 0.101284207588 0.000463097584503
DHX33 10 0.105240985647 0.000593293057708
AP2B1 21 0.348355799307 0.00168057554093
EXOSC5 21 0.177289630945 0.000502849740757
CCDC124 21 -0.304999723239 -0.00179294967053
RUNX3 21 0.330650954073 0.00283931148321
KHSRP 21 -0.331637578419 -0.000482766950179
DERL2 8 0.409143177273 0.00188996010466
LYRM2 4 0.225596344268 0.00560438835993
TRAF3IP3 18 0.108766400287 0.00588876822347
FDFT1 21 -0.301627484756 -0.0208720119595
ITPK1 8 -0.294171762759 -0.0107460804024
TCF7 1 nan nan
DHPS 10 0.15509858997 0.00155471649067
DPYSL2 21 0.135500151336 0.000922124900716
DLD 21 0.188816976631 0.00122071407454
NUCKS1 21 0.277501861065 0.0148474290837
MLLT10 3 -0.292044896042 -0.0207665465011
IBTK 4 -0.676085563528 -0.00411867510824
LXN 14 0.0442802992569 0.00291739118535
BLVRB 21 0.174067540036 0.00126490389237
EIF4B 21 -0.0382656481323 -0.000626554686559
MTHFD2 21 -0.00397743370038 -4.8643850747e-05
MTHFD1 21 -0.667990194442 -0.00664048997511
RRN3 1 nan nan
PPP5C 21 0.332649684477 0.0156346613016
MCM5 21 0.447569159993 0.00864341234036
NUBP2 19 -0.2769105464 -0.00132145809086
LY75 21 -0.08169004552 -0.00692097172154
PFN2 20 -0.0706825061065 -0.0324958257282
SNX29 0 nan nan
TBC1D1 4 -0.73587965032 -0.0194974998609
SFSWAP 20 -0.031427046086 -0.0011196133699
ALKBH5 17 -0.537031128338 -0.0141260428933
COX15 16 0.302804852953 0.0123436489594
GAS7 8 -0.654677316952 -0.0510409444993
ALKBH1 1 nan nan
CD74 21 0.123070023529 0.000762512152777
NUDCD3 21 0.131864206044 0.00595003332454
ADSS 21 -0.0424396143892 -0.000839641289611
HDAC7 2 1.0 0.000112900096575
CAPZB 21 0.220665947212 0.000554989746407
RPLP0 21 0.00846164182784 3.71686034853e-05
RFC1 21 0.0242871109146 0.000330235989512
EIF2B3 21 0.117700787778 0.000929295348539
RFC2 21 -0.0510897058658 -0.000457652604756
GPBP1 1 nan nan
RCOR1 5 -0.769200517669 -0.010239314561
SUN2 21 -0.17636578375 -0.000258064797086
MRPS33 7 0.0474848005455 0.000619035172384
TRIP11 13 0.199293064591 0.00769167482916
ITIH1 3 -0.800821262897 -0.0197121957657
CBX5 21 -0.159701970615 -8.55852046724e-05
TMED8 18 -0.292823638993 -0.00395737261382
COASY 21 -0.0565814494168 -0.000514799226857
MLF2 8 -0.112298983609 -0.000458223361308
PSEN1 5 -0.230613510333 -0.00906800680787
POLDIP3 19 -0.186747936316 -0.00279852522486
RAB18 21 0.0270677412796 0.000159314703004
C5orf22 3 0.400750447499 0.00599733263145
RANBP9 14 -0.0983516660596 -0.0010257858042
FAM21A 2 -1.0 -0.00594026282645
RAB10 21 0.198272898632 8.690976e-05
TTC27 20 0.341882986158 0.00939057985287
TRIO 9 -0.0213661535521 -0.000397757864742
LETMD1 0 nan nan
PUS7 17 -0.0336257238942 -0.0012511009189
UBE3C 14 -0.375446563269 -0.00845081959833
SEPHS1 21 0.465895430667 0.00278500779465
GNB1 21 -0.449070712507 -0.0014637400713
MRPS18A 15 -0.142184411596 -0.00139581938975
CELF2 21 -0.30881414502 -0.00409312111199
TXN2 6 0.886445525834 0.103969453957
ENO1 21 -0.0904990341615 -0.000870257625964
SNW1 21 -0.343537993988 -0.0048454861255
LAMP3 17 0.0294970840092 0.00107090035721
LRRFIP2 16 -0.0713015578319 -0.00505953227349
UNG 7 -0.0194987524121 -0.00277247447641
EP300 6 0.109685005344 0.00239256451605
TSPO 21 -0.474285459707 -0.0420325986394
UHRF1 21 -0.241469526159 -0.00214135565881
PUM2 13 0.257047716572 0.00491614537111
C14orf129 2 -1.0 -0.0072569574747
MAPK9 11 0.55137318208 0.0157726450368
NCK2 3 -0.684293223297 -0.000610380104477
KIF1B 0 nan nan
ACOX3 21 0.255007126495 0.0270200598297
SKIV2L2 21 0.109031674482 0.000491965808048
TFIP11 19 0.0924525730327 0.00473300941793
STX7 21 0.0702151794218 0.00259717887226
TRAM1 21 -0.235791185902 -0.00193067852645
KEAP1 12 -0.298203762594 -0.0028967591583
FAM107B 17 -0.102003713913 -0.0138807874714
SMEK1 20 0.0997702379942 0.000939316214343
MYO9B 21 -0.301462543453 -0.00139321674264
SLAMF7 20 0.611073485792 0.0130709389415
XAB2 21 0.269489680438 0.00673387343399
NOP14 21 0.00322522498607 3.94880586524e-05
PHF15 11 0.377291089572 0.000911142308583
PHF17 2 -1.0 -0.00279670190754
ST6GAL1 20 0.367015627687 0.0136747165072
TCEB3 21 -0.219968063917 -0.00863052951333
RABGAP1 19 -0.175694754583 -0.000630439942191
MSH2 21 -0.224683627703 -0.00588832460724
MGLL 21 0.343979983329 0.016353385665
PLOD1 7 0.267745013103 0.0107352100581
SF3B2 21 0.34035311008 0.00583994036629
LIMS2 0 nan nan
NFYA 16 -0.0130352139543 -0.000741399611053
TRMT2A 10 0.144205949147 0.00118607615567
MRPS10 17 0.286038854423 0.0224546237762
UIMC1 13 0.134581259263 0.00113752861739
NOP58 21 0.0643122077281 0.000205065021068
NDUFS1 21 0.212206863375 0.00195717840979
DDHD1 13 0.35653467167 0.00268213999214
ATG16L1 5 -0.179042307373 -0.00524657951025
BID 21 -0.25547090492 -0.0103568639549
DDHD2 5 -0.547016978187 -0.0110669884827
FYN 2 nan 0.0
PFKP 21 0.0667880038383 0.00304986981983
DVL2 18 -0.159930248636 -0.00273138974821
KDM4A 0 nan nan
MED15 4 0.927188107717 0.0052319964874
DNAJC10 19 0.391900586671 0.00335317823126
MED17 19 -0.0763338415526 -0.00178280913585
AP1B1 21 0.0507517790713 0.000412879126325
OGFR 21 -0.286164107603 -0.00158827973328
PACSIN2 21 0.587628430263 0.015861285299
XPO1 21 -0.117874618607 -1.83784527771e-05
MAT2B 21 -0.0648630397636 -0.00013890673531
SUPT16H 21 0.0484363032075 7.14335416667e-06
KIAA0020 21 -0.346015107247 -0.00151831648216
PSME4 19 0.0676361727088 0.000339754051475
TCF20 11 -0.158820351871 -0.00171903090565
FCGR2B 10 0.534842297316 0.0234049417689
AP2S1 20 0.0178016775245 0.00015234522619
TXLNA 21 0.134101819878 9.63161880936e-05
PSME1 21 -0.556005015911 -0.00945357408908
NLE1 19 -0.198165129989 -0.00773630037471
CYBA 19 -0.02385043869 -0.000497667264232
LMAN1 21 -0.112115885295 -0.00427569644461
SLK 21 -0.156057085386 -0.00316663090361
KRIT1 6 0.704224477308 0.0031062714881
CTNNA1 18 0.103732720155 0.00715975502577
SLC9A1 1 nan nan
DDX20 21 0.118820921886 0.00117436525707
SPAST 19 -0.241096068463 -0.000232301842246
DDX24 21 0.125505278888 0.000594967517955
BZW1 21 -0.210583599045 -0.000363499349379
NSUN2 21 -0.563023392534 -0.0083875121144
ERP44 21 -0.090132763332 -0.00101894190496
TESC 2 -1.0 -0.00166917746145
ARHGAP31 4 0.993750401675 0.032146636903
TYMP 21 0.533488817816 0.0556950240172
BCKDHB 21 0.558585541577 0.0108203271256
VTI1B 21 -0.132831742759 -0.000568829775429
SP100 21 -0.322256464595 -0.00226159340831
THOC5 21 0.139470107729 0.00167485558517
ACADVL 21 0.150934897634 0.0081556641151
TM7SF3 8 -0.423257393351 -0.0613898056565
ADD1 20 0.129963347215 0.00140097921812
NDUFB4 21 0.200125139882 0.00177757004172
LRRC16A 17 0.131710974301 0.0414471786567
PPIL2 8 0.115317061585 0.00491043384633
POLR3B 6 -0.318041224984 -0.00242726484231
ATP2C1 14 0.447804447709 0.00257864760492
KIF2A 21 -0.245379375565 -0.00196514303991
SPG21 6 0.022368018889 0.000201843075401
TPD52 21 -0.393886115008 -0.0288262844797
ZNF800 2 -1.0 -0.00596319901256
ACSM3 5 0.740130472434 0.00930091810387
PDPR 4 -0.290057970262 -0.00234675046573
MAP3K4 17 -0.27635598148 -0.00112050502913
MED24 9 -0.263092759254 -0.00979065377185
STAP1 21 0.170260497388 0.0120141803688
NSFL1C 21 -0.0138874065273 -0.000943788611225
CYP51A1 21 0.38226229255 0.0136407170001
WDR62 1 nan nan
VPS35 21 -0.415895101479 -0.00110648936899
CUL1 21 -0.0860344751454 -0.000376776078039
CUL3 21 -0.167876284046 -0.000266884188126
ANKRD44 21 0.0253181262451 0.00028724076849
TRMU 5 nan 0.0
TBXAS1 6 -0.292630017568 -0.0154170913651
PNKP 20 0.351004788581 0.0245897413524
SLC25A3 21 0.220360861719 0.000831299763537
SLC25A1 21 0.0724255836226 0.00165250326008
WNK1 21 -0.104597955034 -0.000673787091628
SH3GLB1 21 0.02908661677 0.000132491992397
KCNAB2 21 0.182892891071 0.00810250949959
TOMM34 21 0.416698384699 0.0172611621204
TRIT1 1 nan nan
BRD9 3 -0.825124808463 -0.0106465297078
SLC25A24 3 0.996712364761 0.0320529565864
ACOT7 21 -0.0128816713058 -0.000100844789645
BRD1 7 -0.0214210258266 -0.000478413102032
USP36 19 -0.398769635441 -0.0053513797546
GPATCH1 1 nan nan
DNAJA2 21 -0.14491886944 -0.000364582352842
CHMP2B 21 0.542672537152 0.030763219311
RBBP9 20 0.393497672875 0.0156206375902
DNAJA1 21 0.359387126384 0.0011224687731
NIN 1 nan nan
FAM65A 0 nan nan
CNN2 21 0.775075868258 0.0607291261435
LIMA1 21 0.240415527496 0.014892092034
PRMT5 21 -0.474480925937 -0.01390656167
ARCN1 21 0.244230673198 0.0017406427062
SPEN 19 0.34329989666 0.000274949794765
KPNA6 18 -0.141136690067 -0.000736201101355
FKBP1A 21 0.0430524026964 0.00207203864528
SIRT1 1 nan nan
HDAC10 1 nan nan
LZTR1 9 0.608282604951 0.0386341885732
MED29 1 nan nan
TACC3 18 0.00940245563952 0.000629124331175
APBB1IP 21 -0.0476377615198 -0.00113430861237
SEH1L 21 0.120990045095 0.00063838954591
PTPLAD1 21 0.146697946969 0.000589267985764
C12orf5 21 0.175851588622 0.00587000834659
IFNGR1 2 -1.0 -4.092980353e-05
SETD1A 12 -0.279224670552 -0.00312624980417
NOP16 20 0.250672042566 0.00921379059336
XRCC1 21 -0.271571010937 -0.00327513563409
XRCC5 21 0.0541700190424 0.000192006331659
SRSF5 21 -0.0735973000767 -0.000491052742327
PPM1F 10 0.58610370707 0.0363333877698
IARS2 21 0.12054441014 0.000292940950329
ABCF2 21 -0.142153270718 -0.00390279455602
TRAPPC6A 2 1.0 0.0483576422423
C16orf80 21 0.259735380127 0.000302246517714
AFF4 0 nan nan
USP40 4 0.809235303181 0.0167764381155
DNAJB11 21 0.232724756622 0.00382047326187
TFRC 21 -0.124124840245 -0.00352594583174
RRM2B 20 -0.38080883628 -0.00321577381952
PNPLA6 12 0.469080976564 0.0055637198596
B4GALT1 20 -0.423752038338 -0.0196807137644
PRKACA 21 0.218677225341 0.000607934736065
FNDC3B 1 nan nan
TXNL1 21 0.15703758825 0.00183217798023
CLNS1A 21 -0.0639574545599 -0.00146020225463
PEBP1 21 -0.0137956455766 -0.000210674478193
ERP29 21 -0.167127318813 -0.00370790434758
EPN1 12 -0.442002318043 -0.00199242310838
CDK11A 21 -0.0345064929198 -5.98665988849e-05
DDT 21 0.074535962225 0.00932938040939
UBA6 21 -0.658444507909 -0.0034838708012
SENP1 15 -0.0239923788365 -9.65945854353e-05
RBX1 21 0.114438286882 0.00226365502298
TP53BP1 21 0.0211524799469 5.54066945119e-05
EPN2 2 1.0 0.00119846669664
PHF23 3 -0.895579686147 -0.0083299513671
CCDC134 4 0.928496686261 0.112070437116
UBE2K 21 -0.13139818373 -0.00193629596792
LGMN 21 -0.208061225355 -0.0139369298436
GNAS 21 -0.172942879305 -0.00188049441372
MRPS24 9 -0.111227967678 -0.00061831236688
RPAP3 19 0.183413326108 0.00240156971901
LRCH4 20 -0.00729120925838 -2.70360104966e-05
C11orf67 5 0.904199002108 0.0399269232241
PPP2R5A 13 0.0724698975228 0.0048193873208
TOP3B 13 -0.142888827896 -0.00626296935556
POLA2 17 -0.36365044644 -0.0149564908112
H2AFY2 2 1.0 0.0190151666981
CTDP1 21 -0.145939966137 -0.00670811329124
GRN 12 0.216854128943 0.00430769461686
RPS5 21 0.175802308045 0.00238538754743
PES1 21 0.0816735155059 0.00156184807802
FBXO7 18 -0.240184956051 -0.00150089364292
NSMAF 1 nan nan
RFX3 4 -0.755485210638 -0.000284670061633
CD79B 14 0.414179650193 0.00467664977743
VEZT 4 0.501648362689 0.0001021958058
STRN4 9 0.539093872503 0.00162296537464
TMEM38B 3 -0.999423299114 -0.0012857140156
JMJD6 13 0.177611055291 0.0167584309032
DEF6 21 0.331378381989 0.00846681774808
SNX11 19 -0.10650362802 -0.00278074785598
TELO2 19 0.192677257515 0.00837631028564
BCAP29 21 0.105399733742 0.000933589030325
TOMM22 20 0.238232303634 0.00237820285101
SNRPD3 21 -0.452451394042 -0.00453281183889
FTL 20 0.256995506827 0.00526647503208
AKAP8L 18 -0.0428936699004 -9.25877631546e-05
ICAM1 21 -0.0610860417502 -0.0021321728814
MARK3 16 -0.0872005895084 -0.00347483196491
BCL7C 0 nan nan
SYNRG 21 0.0329763187416 8.53307520588e-05
KIF16B 6 -0.0194419939179 -0.000695036690386
EPB41L3 0 nan nan
EPB41L2 21 0.184658747244 0.00816900941236
THRAP3 21 0.233628692376 0.000754507281633
SRI 21 -0.118759003605 -0.00211659437847
WAC 13 -0.365920168962 -0.00298424664215
COMT 21 0.00670281610524 0.000209115239358
WBP11 21 -0.143807706195 -0.00152679482891
MAST3 5 0.4893595858 0.00962867054082
WDR3 21 0.178307648289 0.00133742815423
LGALS1 21 0.151961037079 0.014460375458
CP 5 0.783836634491 0.0201044026348
RRP12 21 0.302996653692 0.0120317102398
FSCN1 21 0.249475745485 0.00493907781079
MAEA 11 0.438415224476 0.0166001890776
NFYC 12 -0.0172788988408 -0.000331113218755
NUP50 21 -0.160434324013 -0.00544415663136
CCDC132 15 0.619575564255 0.00407037833656
ISOC1 21 -0.397969591169 -0.0234650620806
EIF2AK2 21 -0.214425797935 -0.00237980061671
ASNS 21 0.0454553247878 0.00268683614851
SP140 21 0.0702777556921 0.00574216647396
WAPAL 21 -0.534682520217 -0.00338258064866
FAM136A 18 -0.203518909631 -0.00819553068682
PPIE 19 -0.0909147656587 -0.00292743327558
WDR18 21 0.174587925447 0.00461514262546
TRNT1 21 0.429453861746 0.013198248287
PALB2 2 -1.0 -0.00580540663
LMF2 13 -0.231759767848 -0.0097069142778
HMGXB4 6 0.695987207987 0.00357155887402
DIP2B 21 0.00814476725443 0.000558464671813
EIF5 21 0.161751529741 0.0009649765814
MAP2K7 7 0.279699899891 1.043101038e-05
ATP11B 5 0.77927463052 0.00741560553707
MAP4 21 0.427507928957 0.0127730506525
MAP2K4 20 0.107069218436 0.000486863530032
AACS 21 0.22027799531 0.00448534535822
TMEM159 1 nan nan
THUMPD1 21 0.0937312944825 0.00177506924091
FAS 21 0.199215321043 0.0151386845536
BOD1L 21 0.314702355287 0.00162034499012
NSF 21 -0.280085983641 -0.00466509738081
APEX1 21 0.404247276472 0.00193136508609
ZCCHC8 21 -0.284710988193 -0.000611725935277
RGS1 1 nan nan
GLT8D1 3 -0.467209808529 -0.00558703855086
ATG5 3 -0.127808026658 -0.00023364293985
ENPP4 18 -0.064297013339 -0.00207130770104
SLC44A1 7 -0.087424213507 -0.00248390695071
SMARCB1 20 0.0769211784657 0.0017928244634
WDFY1 21 -0.33421951864 -0.013370340061
MCM6 21 0.0181350963818 0.000379897387075
AP4E1 1 nan nan
PIGS 17 0.1408853436 0.000979674763464
PPP6R2 8 -0.712726894203 -0.0052509044073
RHOBTB1 0 nan nan
VIM 21 -0.0389903138423 -0.00222628386978
DUSP12 10 -0.362998374189 -0.00146009818881
SNRNP40 21 0.443525382983 0.0007428097572
CPNE3 21 0.507881658529 0.00342106322715
TIPIN 13 -0.0548872579367 -0.00379892675613
CASP8 1 nan nan
UBE2T 13 0.12462852151 0.000421135877026
HSPB11 21 0.18109990565 0.000645262355934
RDH11 21 0.0886749571744 0.00171505458471
POLD3 19 -0.0570081118923 -0.000350220551978
RRP15 20 0.376597226035 0.0133313327996
UFD1L 21 -0.387154889226 -0.00121443258862
PICALM 21 0.177656421351 0.00370931152942
M6PR 21 0.602918625101 0.0220928203139
PIBF1 0 nan nan
LAT2 19 -0.250434199547 -0.008105342793
LYPLA2 21 0.36302633854 0.000938317966805
SSH1 2 -1.0 -0.0045724461636
CASP10 1 nan nan
GLG1 21 0.0097054209726 7.7105431816e-05
OAT 12 0.0996956783174 0.00827036554389
PI4K2B 5 0.118432243145 0.00114371571709
KIFAP3 10 0.173441944395 0.000828396089751
UBR2 4 -0.674724209746 -0.0027592593065
TRMT11 6 0.00307803324592 3.28700600233e-05
SMAP2 21 0.319166180488 0.00306722911603
RALBP1 15 0.134811033947 0.00876888951167
BCS1L 20 -0.00492479009627 -4.34478158046e-05
STK17B 17 -0.0816535888337 -0.00358777813942
NECAP1 0 nan nan
CIAPIN1 21 0.105601007517 0.00133053482699
HSP90AB1 21 0.436288014541 0.000425419989718
GOLGA3 21 -0.00616096291633 -9.19934533136e-06
ZFAND6 10 -0.123642380197 -0.00148843502281
GOLGA5 19 0.0395456552307 0.000493997658118
CAPN1 21 -0.187828529863 -0.00689909621778
LIG3 21 -0.325183082159 -0.0230684467915
PPPDE2 3 -0.89140669864 -0.0370681549248
TDRD3 1 nan nan
ALOX5 20 -0.111600336167 -0.00743974343309
IFI35 21 0.352882420819 0.00169019473375
RANGAP1 21 -0.295111993455 -0.000895409570539
ATP2B1 21 0.207431518887 0.000434693337875
PMS1 2 -1.0 -2.41548027875e-05
ATG2B 8 0.0275274086118 8.37898933429e-05
UNC13D 21 0.105666456573 0.00134631441024
CSNK2A2 21 -0.25076762845 -0.000393157250817
NUCB2 21 0.26099577137 0.0271128628698
FAM76B 11 0.423509295159 0.0084537130447
EIF4G3 21 0.166188964367 0.001036891516
GSK3B 21 -0.389441994782 -0.00795524778479
ZZEF1 13 0.126136780771 0.00273110164789
DDX1 21 -0.345321770214 -0.000890913769197
XRN2 21 0.149076223173 0.000835082518125
KDM5A 5 0.400623660646 0.0135685126704
TRAF1 21 -0.0301700299985 -0.00119307857354
PABPC1 21 -0.17309582653 -0.000342918124267
AKAP11 15 0.43611872165 0.000938512897783
PABPC4 21 0.218062403171 0.00620248480307
RPL3 21 0.0279409445387 0.000106249414407
H6PD 14 0.643608117315 0.0627907230819
RNH1 21 0.169055508696 0.0042555613288
DNM2 21 -0.0892446303924 -0.000158707528789
SMG6 6 0.0894995627683 0.000405416077401
EED 21 -0.216260726967 -0.00162802562967
ARID4B 7 -0.206721957083 -0.00198697538493
CSDA 21 -0.0372912198113 -0.00057758890262
ADRBK2 0 nan nan
PHLDB1 9 0.00709767381701 0.000141282647824
CDV3 21 0.0403230788952 0.00207178708401
SCD 19 0.139242842673 0.00242949709213
HAUS4 10 -0.105912195107 -0.00898686381371
ZBTB32 1 nan nan
TOP2B 21 -0.216027277489 -0.000647342842937
PDIA5 21 -0.0314730793997 -0.00118467716812
EXD2 3 -0.583975663628 -0.000545688390017
SIRT2 11 0.34580192544 0.013016599381
RAB7A 21 -0.117861975202 -0.000175099707149
GNPNAT1 20 -0.390955556971 -0.00124711927184
RCN1 21 0.125328108166 0.00881588109481
VCL 21 0.24857844055 0.0126326103548
CROCC 2 -1.0 -0.00827417900662
POLR2E 21 -0.16105744078 -0.00673002580111
DCUN1D1 21 0.289360983005 0.00121872143256
POLR2F 4 0.51780202337 0.00148458748693
RECQL 21 0.0146808372643 0.000237869045464
POLR2B 21 -0.0582332000872 -8.35020124279e-05
SART3 21 0.228617260367 0.000102497322168
ITPR3 3 -0.984096404263 -0.0391554176198
AKR7A2 21 0.468368775628 0.0356656608163
CAPG 21 0.492466863037 0.0658797367495
VPS41 5 -0.146969337032 -0.0055245097742
PEX3 20 -0.166712594789 -0.00212154876471
TECR 21 -0.197210077468 -0.00190363543661
TAF2 7 0.161731445244 0.000848800687429
CDC23 20 0.364327226661 0.00135099752366
TAF9 21 0.232596928974 0.00462312172999
NRD1 21 -0.0523240920913 -0.000782636407079
TOX4 8 0.410119055613 0.00722753496873
RBM22 21 -0.00103698717705 -4.88827799107e-06
ELOVL1 16 0.0601697138559 0.00071172086519
AIFM2 8 -0.528723314131 -0.0481693274063
ASCC2 18 0.0876888536584 0.00325190198587
KDM1A 19 -0.235399205718 -0.000616846285
AGPS 21 0.370492967888 0.00348032667334
EHD3 13 -0.128135242137 -0.00263749903734
WBSCR22 18 -0.130141707325 -0.00578041437031
NCF4 21 0.00811492368072 0.000297300211825
SERPINB1 21 -0.0303129851064 -0.00101086059295
LAP3 21 0.136826226135 0.0100618976757
FAM120A 21 -0.168566945307 -0.000319970941718
PRKCQ 0 nan nan
ME2 21 -0.341716388192 -0.00629515059528
ABL1 1 nan nan
CWF19L1 20 -0.0427918231245 -0.00274730402758
GNAI3 21 0.111295569853 0.000301160870105
ATP5D 21 0.208948273666 0.0105617000242
TNPO3 21 -0.00757225358399 -0.000120411688972
TNPO1 21 0.0397617788632 0.000111225724194
OGFOD1 19 0.241938132979 0.0101901169298
TMED2 21 0.395336217383 0.00215477435135
TMED1 8 0.380160197682 0.00334118395627
PSMA3 21 -0.155326008029 -0.000205035247361
MRPS35 21 0.111912277286 0.00112992589302
MRPS34 16 -0.216343977605 -0.00652633843832
BAIAP2L1 17 -0.259560466623 -0.021971168777
GCN1L1 21 0.392773794384 0.00299176760701
PAPOLA 20 -0.175899085376 -0.000917220526613
TRMT6 21 0.359946229692 0.00769367568534
MAPK1 21 -0.0580090857038 -0.000373983490431
PPP1R12A 21 0.109700553057 0.000345720090282
PDCD7 0 nan nan
ALDH18A1 21 0.118300774857 0.00112345028116
HNRNPC 21 0.156880394144 0.00010732493895
PDCD2 6 0.681103698237 0.00274809921709
CECR1 15 0.272151556788 0.0253006318003
SEL1L 21 -0.209428069916 -0.000645720969962
CECR5 21 0.0371677255735 0.000490717225683
RABEP1 21 0.378151538485 0.0051529668875
GGA1 20 -0.104341290263 -0.0100678087484
CLPTM1L 15 -0.241751020608 -0.00186454198306
BRAP 8 -0.0829251160808 -0.000212653835529
MNAT1 19 0.0550046811811 0.000313894766308
SEC63 21 -0.222856887311 -0.00157201977166
TFB1M 19 0.603171478398 0.0209917151804
TP63 1 nan nan
STAU2 18 0.302309446393 0.00152713503456
DICER1 15 -0.207152525745 -0.00305160951065
HIRA 1 nan nan
SYNGR1 0 nan nan
PKD1 11 0.318041349964 0.00227513824266
DAPP1 4 0.697790014279 0.0101699105694
PIAS2 3 0.153625664208 0.00368975032973
PIAS1 2 -1.0 -0.0309087433011
OXCT1 21 0.0531860474493 0.000168869224547
TIMM9 21 0.130134491192 9.1354513725e-05
HSP90AA1 21 0.0807285445754 1.795998968e-05
PSMB5 21 0.0849586251932 0.0016984010171
MRTO4 21 -0.0764073927824 -0.00246782231323
PSMB1 21 0.0985069343998 0.00145697646815
ST13 21 0.0694158051043 0.000108874578043
KARS 21 -0.0352934279507 -6.35064102931e-05
TBC1D22A 21 0.286712818845 0.0101783198052
CLEC16A 21 0.0508257170053 0.000278760704039
CD59 21 -0.0791247095918 -0.00419421218715
ROCK1 21 0.341963344235 0.0008141923542
SAMM50 21 -0.247511739771 -0.00955918043131
IKBKAP 21 0.157517220535 0.0020405805872
DERA 19 -0.216188887199 -0.000600359334962
TOLLIP 18 0.131128206661 0.000218777906392
GCLM 18 -0.0330956986178 -0.00129075557702
BCL2L13 21 0.224358162151 0.0166864502249
AQR 21 -0.117700052302 -0.000305049357201
HAGH 21 0.377779480086 0.00672212966309
ZC3HC1 21 0.0177381494965 9.55301415129e-05
HADHA 21 0.240689816008 0.00126371000012
GCLC 6 -0.653655565232 -0.0146384096569
MLH1 21 0.0831281798723 0.00249824586065
EXOSC7 21 0.0451231184898 0.0011854204899
RETSAT 8 -0.453701495981 -0.0356535244738
NCKAP1 3 0.057534410112 0.00078264200757
TTLL12 21 -0.141216043852 -0.00511366459016
TF 10 0.0650355761494 0.00142037534361
DGKA 4 0.227614673954 0.00110724285645
MTA3 20 -0.0762002403824 -0.0014371676549
RRAGD 2 1.0 0.017362031389
PABPN1 21 -0.293673479067 -0.000405722276021
ESF1 17 -0.102803239391 -0.00059584941305
CLASP1 21 -0.0722027795933 -0.000320266257596
NUP160 21 0.0952589892583 0.000351400342207
ACAP1 21 0.571528348716 0.0240282549043
ORC1 2 1.0 0.000569038705
USP13 9 -0.269779706518 -0.0118221600428
GGT1 8 0.30326372139 0.0233586460902
MCOLN3 2 1.0 0.030172165485
GDE1 15 -0.0828293700002 -0.00532317054169
ZCCHC6 13 0.453057839563 0.00287858118666
SNRPA 21 -0.10227988809 -0.000360639844037
MTAP 21 -0.186387130773 -0.000522619076609
DAZAP1 21 0.0659767895331 0.00015437288905
DIS3 21 0.285108104941 0.000955279397671
RPL26L1 11 0.418571942731 0.00320340889418
AARS 21 0.491559216881 0.00118647866628
EZR 21 0.192371961217 0.00156666679542
NEDD4L 2 -1.0 -0.0201401817323
TARBP1 2 1.0 0.0162585456718
PTPRC 21 -0.0228124420369 -0.000113303740823
DGCR14 4 -0.676824778854 -0.032141363105
GNA11 1 nan nan
SDHA 21 0.0667366934703 0.000856240743553
DNM1L 21 0.342729475579 0.000113106166607
TBC1D10A 6 0.0158685931832 1.64772348333e-05
